baseAlgorithms : ['Kmeans']
repeatBPgen : 1
maxClustSize : 105
Coverage : 30
patType : tag
V : 104
clustPatDF.shape : (35, 104)
Kmin : 2
Kmax : 15
minAppar : 0
maxAppar : 2
Discriminativeness : 10
nbMaxMoreThan1 : 20
nbMaxLessThan1 : 20
nbMaxDiffThan1 : 40
idObj : 9

--- RESULTS ---

times : [0.0, 0.0, 0.02, 0.16, 160.49]
allClust : [[5, 6, 16, 17, 18, 21, 22, 23, 24, 27, 28, 30, 33, 34, 35, 36, 37, 38, 39, 43, 44, 46, 47, 48, 50, 55, 56, 57, 60, 61, 62, 64, 65, 69, 70, 74, 75, 76, 77, 80, 85, 86, 87, 89, 92, 98, 100, 101, 102, 103, 104], [2, 3, 7, 9, 10, 13, 26, 29, 31, 32, 45, 51, 52, 54, 58, 59, 68, 71, 72, 73, 78, 84, 91, 93, 97], [0, 11, 25, 63, 66], [82, 83, 90, 95]]
allClustLen : [51, 25, 5, 4]
descrNames : [[['NbVars>2.0']], [['userdId_17']], [['userdId_1']], [['userdId_34']]]
descrPatIds : [[14, 15], [24], [28], [18]]
descrTagsIds : [['[23]', '[20]'], ['[8]'], ['[1]'], ['[18]']]
nbNotAttrib : 20
nbMultiAttrib : 0
nbOfClusterForEachInstance : [1 0 1 1 0 1 1 1 0 1 1 1 0 1 0 0 1 1 1 0 0 1 1 1 1 1 1 1 1 1 1 1 1 1 1 1 1
 1 1 1 0 0 0 1 1 1 1 1 1 0 1 1 1 0 1 1 1 1 1 1 1 1 1 1 1 1 1 0 1 1 1 1 1 1
 1 1 1 1 1 0 1 0 1 1 1 1 1 1 0 1 1 1 1 1 0 1 0 1 1 0 1 1 1 1 1]
---- : ----
PCRs : [(0.39, 0.02), (0.36, 0.0), (1.0, 0.0), (1.0, 0.0)]
DCs : [0.73, 0.36, 1.0, 1.0]
IPSs : [(0.91, 0.02), (1.0, 0.0), (0.98, 0.0), (0.98, 0.0)]
SINGs : [(1.0, 0.0), (1.0, 0.0), (1.0, 0.0), (1.0, 0.0)]
IPCs : [(1.0, 0.0), (1.0, 0.0), (0.97, 0.0), (0.97, 0.0)]
patPCRs : [[0.37254901960784315, 0.4117647058823529], [0.36], [1.0], [1.0]]
patDCs : []
patIPSs : [[0.9259259259259259, 0.8888888888888888], [1.0], [0.98], [0.9801980198019802]]
patSINGs : [[1.0, 1.0], [1.0], [1.0], [1.0]]
patIPCs : [[1.0, 1.0], [1.0], [0.9733333333333333], [0.9733333333333333]]
Optional results : []
