baseAlgorithms : ['Kmeans']
repeatBPgen : 1
maxClustSize : 105
Coverage : 70
patType : pat
V : 104
clustPatDF.shape : (77, 104)
Kmin : 3
Kmax : 15
minAppar : 0
maxAppar : 2
Discriminativeness : 50
nbMaxMoreThan1 : 20
nbMaxLessThan1 : 20
nbMaxDiffThan1 : 40
idObj : 9

--- RESULTS ---

times : [0.0, 0.0, 0.77, 0.4, 36.17]
allClust : [[0, 1, 2, 3, 4, 7, 9, 10, 11, 12, 13, 14, 15, 19, 20, 25, 26, 29, 31, 32, 40, 41, 42, 45, 51, 52, 53, 54, 58, 59, 63, 66, 67, 68, 71, 72, 73, 78, 79, 81, 84, 91, 93, 94, 96, 97, 99], [6, 24, 27, 34, 35, 43, 55, 60, 62, 80], [5, 16, 17, 21, 23, 28, 30, 33, 36, 38, 39, 44, 46, 48, 50, 56, 57, 61, 69, 70, 77, 85, 86, 89, 92, 101, 102, 103, 104], [8, 49, 88], [18, 37, 64, 65, 87, 98, 100]]
allClustLen : [47, 10, 29, 3, 7]
descrNames : [[['NbLines>10.0', 'NbVars<=2.0', 'NbParams>1.0', 'HasLoop', 'HasWhileLoop', 'HasIf', 'NbReturns<=1.0', 'NbTokens>75.0']], [['NbLines>10.0', 'NbParams>1.0', 'HasWhileLoop', 'HasIfElif', 'InstDepth<=3.0', 'HasNestedIfs', 'HasIfInLoop', 'NbReturns<=1.0', 'NbTokens>75.0']], [['NbLines<=10.0', 'NbParams>1.0', 'HasWhileLoop', 'InstDepth<=3.0', 'HasIfInLoop', 'NbReturns<=1.0']], [['userdId_19', 'NbLines>10.0', 'NbParams>1.0', 'HasWhileLoop', 'InstDepth<=3.0', 'HasIfInLoop', 'NbReturns<=1.0', 'NbTokens<=75.0']], [['userdId_18', 'NbLines>10.0', 'NbParams>1.0', 'HasWhileLoop', 'HasIfElifElse', 'InstDepth>3.0', 'HasIfInLoop', 'NbReturns<=1.0', 'NbTokens>75.0']]]
descrPatIds : [[26, 34, 35], [47], [53], [59], [55]]
descrTagsIds : [['[21, 22, 25, 26, 28, 29, 39, 45]', '[22, 25, 26, 28, 29, 30, 39]', '[25, 29, 30, 33, 39]'], ['[21, 25, 26, 28, 29, 31, 33, 36, 37, 39, 45]'], ['[20, 25, 26, 28, 29, 33, 37, 39]'], ['[9, 21, 25, 26, 28, 29, 33, 37, 39, 44]'], ['[3, 21, 25, 26, 28, 29, 30, 31, 32, 34, 37, 39, 45]']]
nbNotAttrib : 9
nbMultiAttrib : 0
nbOfClusterForEachInstance : [1 1 1 1 1 1 1 1 1 1 1 1 1 1 1 1 1 1 1 1 1 1 0 1 1 1 1 1 1 1 1 1 1 1 1 1 1
 1 1 1 1 1 1 1 1 1 1 0 1 1 1 1 1 1 1 1 1 1 1 1 1 1 1 1 1 1 1 1 1 1 1 1 1 1
 0 0 0 1 1 1 1 1 0 0 1 1 1 1 1 1 0 1 1 1 1 0 1 1 1 1 1 1 1 1 1]
---- : ----
PCRs : [(0.74, 0.05), (0.8, 0.0), (0.72, 0.0), (1.0, 0.0), (1.0, 0.0)]
DCs : [0.98, 0.8, 0.72, 1.0, 1.0]
IPSs : [(0.8, 0.07), (0.79, 0.0), (0.93, 0.0), (1.0, 0.0), (0.96, 0.0)]
SINGs : [(1.0, 0.0), (1.0, 0.0), (1.0, 0.0), (1.0, 0.0), (1.0, 0.0)]
IPCs : [(0.87, 0.06), (0.89, 0.0), (0.97, 0.0), (1.0, 0.0), (1.0, 0.0)]
patPCRs : [[0.8085106382978723, 0.7021276595744681, 0.7021276595744681], [0.8], [0.7241379310344828], [1.0], [1.0]]
patDCs : []
patIPSs : [[0.7068965517241379, 0.8620689655172413, 0.8275862068965517], [0.7894736842105263], [0.9342105263157895], [1.0], [0.9591836734693877]]
patSINGs : [[1.0, 1.0, 1.0], [1.0], [1.0], [1.0], [1.0]]
patIPCs : [[0.7846059113300493, 0.9199507389162562, 0.8913793103448275], [0.8930667644900954], [0.9734042553191489], [1.0], [1.0]]
Optional results : []
