baseAlgorithms : ['Kmeans']
repeatBPgen : 1
maxClustSize : 105
Coverage : 50
patType : tag
V : 104
clustPatDF.shape : (30, 104)
Kmin : 3
Kmax : 15
minAppar : 0
maxAppar : 2
Discriminativeness : 30
nbMaxMoreThan1 : 20
nbMaxLessThan1 : 20
nbMaxDiffThan1 : 40
idObj : 9

--- RESULTS ---

times : [0.0, 0.0, 0.02, 0.14, 136.93]
allClust : [[0, 1, 2, 3, 4, 7, 9, 10, 11, 12, 13, 14, 15, 19, 20, 25, 26, 29, 31, 32, 40, 41, 42, 45, 51, 52, 53, 54, 58, 59, 63, 66, 67, 68, 71, 72, 73, 78, 79, 81, 84, 91, 93, 94, 96, 97, 99], [5, 16, 17, 18, 21, 23, 28, 30, 33, 36, 37, 38, 39, 44, 46, 48, 50, 56, 57, 61, 64, 65, 69, 70, 77, 85, 86, 87, 89, 92, 98, 100, 101, 102, 103, 104], [8, 49, 88], [27, 34, 62]]
allClustLen : [47, 36, 3, 3]
descrNames : [[['HasIfElse']], [['NbLines<=10.0']], [['userdId_19']], [['userdId_12']]]
descrPatIds : [[6], [20], [25], [28]]
descrTagsIds : [['[30]'], ['[20]'], ['[9]'], ['[2]']]
nbNotAttrib : 16
nbMultiAttrib : 0
nbOfClusterForEachInstance : [1 1 1 1 1 1 0 1 1 1 1 1 1 1 1 1 1 1 1 1 1 1 0 1 0 1 1 1 1 1 1 1 1 1 1 0 1
 1 1 1 1 1 1 0 1 1 1 0 1 1 1 1 1 1 1 0 1 1 1 1 0 1 1 1 1 1 1 1 1 1 1 1 1 1
 0 0 0 1 1 1 0 1 0 0 1 1 1 1 1 1 0 1 1 1 1 0 1 1 1 1 1 1 1 1 1]
---- : ----
PCRs : [(0.79, 0.0), (0.58, 0.0), (1.0, 0.0), (1.0, 0.0)]
DCs : [0.79, 0.58, 1.0, 1.0]
IPSs : [(0.64, 0.0), (0.91, 0.0), (0.95, 0.0), (0.9, 0.0)]
SINGs : [(1.0, 0.0), (1.0, 0.0), (1.0, 0.0), (1.0, 0.0)]
IPCs : [(0.93, 0.0), (0.96, 0.0), (0.96, 0.0), (0.92, 0.0)]
patPCRs : [[0.7872340425531915], [0.5833333333333334], [1.0], [1.0]]
patDCs : []
patIPSs : [[0.6379310344827587], [0.9130434782608696], [0.9509803921568627], [0.9019607843137255]]
patSINGs : [[1.0], [1.0], [1.0], [1.0]]
patIPCs : [[0.9259259259259259], [0.9574468085106383], [0.9623719464144996], [0.9204097714736013]]
Optional results : []
