baseAlgorithms : ['Kmeans']
repeatBPgen : 1
maxClustSize : 105
Coverage : 70
patType : tag
V : 104
clustPatDF.shape : (29, 104)
Kmin : 3
Kmax : 15
minAppar : 0
maxAppar : 2
Discriminativeness : 50
nbMaxMoreThan1 : 20
nbMaxLessThan1 : 20
nbMaxDiffThan1 : 40
idObj : 9

--- RESULTS ---

times : [0.0, 0.0, 0.02, 0.11, 115.02]
allClust : [[0, 1, 2, 3, 4, 7, 9, 10, 11, 12, 13, 14, 15, 19, 20, 25, 26, 29, 31, 32, 40, 41, 42, 45, 51, 52, 53, 54, 58, 59, 63, 66, 67, 68, 71, 72, 73, 78, 79, 81, 84, 91, 93, 94, 96, 97, 99], [6, 24, 27, 34, 35, 43, 55, 60, 62, 80], [5, 16, 17, 21, 23, 28, 30, 33, 36, 38, 39, 44, 46, 48, 50, 56, 57, 61, 69, 70, 77, 85, 86, 89, 92, 101, 102, 103, 104], [8, 49, 88]]
allClustLen : [47, 10, 29, 3]
descrNames : [[['HasIfElse']], [['HasNestedIfs']], [['NbLines<=10.0']], [['userdId_19']]]
descrPatIds : [[6], [17], [20], [23]]
descrTagsIds : [['[30]'], ['[36]'], ['[20]'], ['[9]']]
nbNotAttrib : 16
nbMultiAttrib : 0
nbOfClusterForEachInstance : [1 1 1 1 1 1 1 1 1 1 1 1 1 1 1 1 1 1 0 1 1 1 0 1 1 1 1 1 1 1 1 1 1 1 1 1 1
 0 1 1 1 1 1 1 1 1 1 0 1 1 1 1 1 1 1 1 1 1 1 1 1 1 1 1 0 0 1 1 1 1 1 1 1 1
 0 0 0 1 1 1 1 1 0 0 1 1 1 0 1 1 0 1 1 1 1 0 1 1 0 1 0 1 1 1 1]
---- : ----
PCRs : [(0.79, 0.0), (1.0, 0.0), (0.72, 0.0), (1.0, 0.0)]
DCs : [0.79, 1.0, 0.72, 1.0]
IPSs : [(0.64, 0.0), (0.67, 0.0), (0.92, 0.0), (0.95, 0.0)]
SINGs : [(1.0, 0.0), (1.0, 0.0), (1.0, 0.0), (1.0, 0.0)]
IPCs : [(0.86, 0.0), (0.84, 0.0), (0.96, 0.0), (0.96, 0.0)]
patPCRs : [[0.7872340425531915], [1.0], [0.7241379310344828], [1.0]]
patDCs : []
patIPSs : [[0.6379310344827587], [0.6736842105263158], [0.9210526315789473], [0.9509803921568627]]
patSINGs : [[1.0], [1.0], [1.0], [1.0]]
patIPCs : [[0.8551724137931034], [0.838835901198337], [0.9574468085106383], [0.9601369528001956]]
Optional results : []
