baseAlgorithms : ['Kmeans']
repeatBPgen : 1
maxClustSize : 125
Coverage : 50
patType : pat
V : 104
clustPatDF.shape : (50, 104)
Kmin : 2
Kmax : 15
minAppar : 0
maxAppar : 2
Discriminativeness : 30
nbMaxMoreThan1 : 20
nbMaxLessThan1 : 20
nbMaxDiffThan1 : 40
idObj : 9

--- RESULTS ---

times : [0.0, 0.0, 0.84, 0.41, 45.17]
allClust : [[3, 6, 7, 9, 12, 14, 16, 19, 26, 28, 31, 33, 34, 35, 43, 47, 49, 50, 59, 61, 62, 63, 66, 67, 68, 71, 72, 73, 74, 75, 76, 84, 88, 93, 97, 105, 108, 113, 116, 117, 119], [0, 1, 2, 4, 5, 8, 10, 11, 13, 15, 17, 18, 20, 21, 22, 23, 24, 25, 27, 29, 30, 32, 36, 37, 38, 39, 40, 41, 42, 44, 45, 46, 48, 51, 52, 53, 54, 55, 56, 57, 58, 60, 64, 65, 69, 70, 77, 78, 79, 80, 81, 82, 83, 85, 86, 87, 89, 90, 91, 92, 94, 95, 96, 98, 99, 100, 101, 102, 103, 104, 106, 107, 109, 110, 111, 112, 114, 115, 118, 120, 121, 122, 123, 124]]
allClustLen : [41, 84]
descrNames : [[['NbLines>10.0', 'NbVars>2.0', 'NbParams>1.0', 'HasWhileLoop', 'InstDepth<=3.0', 'HasIfInLoop', 'NbReturns<=1.0', 'NbTokens>75.0']], [['NbParams>1.0', 'HasWhileLoop', 'HasIfInLoop', 'NbReturns<=1.0', 'NbTokens<=75.0']]]
descrPatIds : [[5], [17, 18]]
descrTagsIds : [['[27, 29, 31, 32, 34, 35, 39, 43, 45, 51]'], ['[31, 32, 34, 35, 43, 45, 50]', '[31, 32, 34, 35, 39, 43, 50]']]
nbNotAttrib : 0
nbMultiAttrib : 0
nbOfClusterForEachInstance : [1 1 1 1 1 1 1 1 1 1 1 1 1 1 1 1 1 1 1 1 1 1 1 1 1 1 1 1 1 1 1 1 1 1 1 1 1
 1 1 1 1 1 1 1 1 1 1 1 1 1 1 1 1 1 1 1 1 1 1 1 1 1 1 1 1 1 1 1 1 1 1 1 1 1
 1 1 1 1 1 1 1 1 1 1 1 1 1 1 1 1 1 1 1 1 1 1 1 1 1 1 1 1 1 1 1 1 1 1 1 1 1
 1 1 1 1 1 1 1 1 1 1 1 1 1 1]
---- : ----
PCRs : [(0.66, 0.0), (0.54, 0.02)]
DCs : [0.66, 0.6]
IPSs : [(0.79, 0.0), (0.71, 0.0)]
SINGs : [(1.0, 0.0), (1.0, 0.0)]
IPCs : [(0.79, 0.0), (0.71, 0.0)]
patPCRs : [[0.6585365853658537], [0.5119047619047619, 0.5595238095238095]]
patDCs : []
patIPSs : [[0.7857142857142857], [0.7073170731707317, 0.7073170731707317]]
patSINGs : [[1.0], [1.0, 1.0]]
patIPCs : [[0.7857142857142857], [0.7073170731707317, 0.7073170731707317]]
Optional results : []
