baseAlgorithms : ['Kmeans']
repeatBPgen : 1
maxClustSize : 125
Coverage : 50
patType : tag
V : 104
clustPatDF.shape : (27, 104)
Kmin : 2
Kmax : 15
minAppar : 0
maxAppar : 2
Discriminativeness : 30
nbMaxMoreThan1 : 20
nbMaxLessThan1 : 20
nbMaxDiffThan1 : 40
idObj : 9

--- RESULTS ---

times : [0.0, 0.0, 0.03, 0.18, 117.4]
allClust : [[0, 1, 2, 4, 5, 8, 10, 11, 13, 15, 17, 18, 20, 21, 22, 23, 24, 25, 27, 29, 30, 32, 36, 37, 38, 39, 40, 41, 42, 44, 45, 46, 48, 51, 52, 53, 54, 55, 56, 57, 58, 60, 64, 65, 69, 70, 77, 78, 79, 80, 81, 82, 83, 85, 86, 87, 89, 90, 91, 92, 94, 95, 96, 98, 99, 100, 101, 102, 103, 104, 106, 107, 109, 110, 111, 112, 114, 115, 118, 120, 121, 122, 123, 124], [9, 12, 14, 35, 43, 47, 49, 50, 66, 74, 84, 105, 113], [26, 33, 59, 62, 63, 67, 72, 75, 93, 119]]
allClustLen : [84, 13, 10]
descrNames : [[['NbTokens<=75.0']], [['PassedTestCases']], [['HasComment']]]
descrPatIds : [[10], [24], [12]]
descrTagsIds : [['[50]'], ['[52]'], ['[48]']]
nbNotAttrib : 18
nbMultiAttrib : 0
nbOfClusterForEachInstance : [1 1 1 0 1 1 0 0 1 1 1 1 1 1 1 1 0 1 1 0 1 1 1 1 1 1 1 1 0 1 1 0 1 1 0 1 1
 1 1 1 1 1 1 1 1 1 1 1 1 1 1 1 1 1 1 1 1 1 1 1 1 0 1 1 1 1 1 1 0 1 1 0 1 0
 1 1 0 1 1 1 1 1 1 1 1 1 1 1 0 1 1 1 1 1 1 1 1 0 1 1 1 1 1 1 1 1 1 1 0 1 1
 1 1 1 1 1 0 0 1 1 1 1 1 1 1]
---- : ----
PCRs : [(0.6, 0.0), (0.54, 0.0), (1.0, 0.0)]
DCs : [0.6, 0.54, 1.0]
IPSs : [(0.71, 0.0), (0.81, 0.0), (0.91, 0.0)]
SINGs : [(1.0, 0.0), (1.0, 0.0), (1.0, 0.0)]
IPCs : [(1.0, 0.0), (0.84, 0.0), (0.97, 0.0)]
patPCRs : [[0.5952380952380952], [0.5384615384615384], [1.0]]
patDCs : []
patIPSs : [[0.7073170731707317], [0.8125], [0.9130434782608696]]
patSINGs : [[1.0], [1.0], [1.0]]
patIPCs : [[1.0], [0.8428571428571429], [0.9702380952380952]]
Optional results : []
