baseAlgorithms : ['Kmeans']
repeatBPgen : 1
maxClustSize : 125
Coverage : 50
patType : pat
V : 104
clustPatDF.shape : (50, 104)
Kmin : 3
Kmax : 15
minAppar : 0
maxAppar : 2
Discriminativeness : 30
nbMaxMoreThan1 : 20
nbMaxLessThan1 : 20
nbMaxDiffThan1 : 40
idObj : 9

--- RESULTS ---

times : [0.0, 0.0, 0.84, 0.41, 43.0]
allClust : [[3, 6, 7, 9, 12, 14, 16, 19, 26, 28, 31, 33, 34, 35, 43, 47, 49, 50, 59, 61, 62, 63, 66, 67, 68, 71, 72, 73, 74, 75, 84, 88, 93, 105, 108, 113, 116, 117, 119], [0, 5, 10, 11, 13, 15, 21, 22, 24, 27, 30, 32, 36, 37, 38, 42, 44, 46, 51, 52, 54, 55, 56, 58, 65, 76, 77, 78, 80, 82, 86, 87, 89, 90, 91, 94, 95, 97, 98, 100, 102, 103, 104, 106, 107, 109, 111, 112, 114, 118, 120, 121, 124], [1, 8, 29, 48, 53, 57, 69, 70, 79, 85, 96, 99, 101, 115]]
allClustLen : [39, 53, 14]
descrNames : [[['NbLines>10.0', 'NbVars>2.0', 'NbParams>1.0', 'HasWhileLoop', 'InstDepth<=3.0', 'HasIfInLoop', 'NbTokens>75.0']], [['NbParams>1.0', 'HasWhileLoop', 'HasIfInLoop', 'NbReturns<=1.0', 'NbTokens<=75.0']], [['userdId_4', 'NbLines>10.0', 'NbVars>2.0', 'NbParams>1.0', 'HasWhileLoop', 'InstDepth>3.0', 'HasNestedIfs', 'HasIfInLoop', 'NbReturns<=1.0']]]
descrPatIds : [[4], [17], [45]]
descrTagsIds : [['[27, 29, 31, 32, 34, 35, 39, 43, 51]'], ['[31, 32, 34, 35, 43, 45, 50]'], ['[2, 27, 29, 31, 32, 34, 35, 40, 42, 43, 45]']]
nbNotAttrib : 19
nbMultiAttrib : 0
nbOfClusterForEachInstance : [1 1 0 1 0 1 1 1 1 1 1 1 1 1 1 1 1 0 0 1 0 1 1 0 1 0 1 1 1 1 1 1 1 1 1 1 1
 1 1 0 0 0 1 1 1 0 1 1 1 1 1 1 1 1 1 1 1 1 1 1 0 1 1 1 0 1 1 1 1 1 1 1 1 1
 1 1 1 1 1 1 1 0 1 0 1 1 1 1 1 1 1 1 0 1 1 1 1 1 1 1 1 1 1 1 1 1 1 1 1 1 0
 1 1 1 1 1 1 1 1 1 1 1 0 0 1]
---- : ----
PCRs : [(0.74, 0.0), (0.58, 0.0), (0.64, 0.0)]
DCs : [0.74, 0.58, 0.64]
IPSs : [(0.79, 0.0), (0.67, 0.0), (1.0, 0.0)]
SINGs : [(1.0, 0.0), (1.0, 0.0), (1.0, 0.0)]
IPCs : [(0.88, 0.0), (0.73, 0.0), (1.0, 0.0)]
patPCRs : [[0.7435897435897436], [0.5849056603773585], [0.6428571428571429]]
patDCs : []
patIPSs : [[0.7906976744186046], [0.6666666666666667], [1.0]]
patSINGs : [[1.0], [1.0], [1.0]]
patIPCs : [[0.8773584905660378], [0.728937728937729], [1.0]]
Optional results : []
