baseAlgorithms : ['Kmeans']
repeatBPgen : 1
maxClustSize : 125
Coverage : 50
patType : pat
V : 104
clustPatDF.shape : (50, 104)
Kmin : 2
Kmax : 15
minAppar : 0
maxAppar : 2
Discriminativeness : 30
nbMaxMoreThan1 : 20
nbMaxLessThan1 : 20
nbMaxDiffThan1 : 40
idObj : 9

--- RESULTS ---

times : [0.0, 0.0, 0.84, 0.41, 45.1]
allClust : [[0, 1, 2, 4, 5, 8, 10, 11, 13, 15, 17, 18, 20, 21, 22, 23, 24, 25, 27, 29, 30, 32, 36, 37, 38, 39, 40, 41, 42, 44, 45, 46, 48, 51, 52, 53, 54, 55, 56, 57, 58, 60, 64, 65, 69, 70, 77, 78, 79, 80, 81, 82, 83, 85, 86, 87, 89, 90, 91, 92, 94, 95, 96, 98, 99, 100, 101, 102, 103, 104, 106, 107, 109, 110, 111, 112, 114, 115, 118, 120, 121, 122, 123, 124], [3, 6, 7, 9, 12, 14, 16, 19, 26, 28, 31, 33, 34, 35, 43, 47, 49, 50, 59, 61, 62, 63, 66, 67, 68, 71, 72, 73, 74, 75, 84, 88, 93, 105, 108, 113, 116, 117, 119]]
allClustLen : [84, 39]
descrNames : [[['NbParams>1.0', 'HasWhileLoop', 'HasIfInLoop', 'NbTokens<=75.0']], [['NbLines>10.0', 'NbVars>2.0', 'NbParams>1.0', 'HasWhileLoop', 'InstDepth<=3.0', 'HasIfInLoop', 'NbTokens>75.0']]]
descrPatIds : [[16], [4]]
descrTagsIds : [['[31, 32, 34, 35, 43, 50]'], ['[27, 29, 31, 32, 34, 35, 39, 43, 51]']]
nbNotAttrib : 2
nbMultiAttrib : 0
nbOfClusterForEachInstance : [1 1 1 1 1 1 1 1 1 1 1 1 1 1 1 1 1 1 1 1 1 1 1 1 1 1 1 1 1 1 1 1 1 1 1 1 1
 1 1 1 1 1 1 1 1 1 1 1 1 1 1 1 1 1 1 1 1 1 1 1 1 1 1 1 1 1 1 1 1 1 1 1 1 1
 1 1 0 1 1 1 1 1 1 1 1 1 1 1 1 1 1 1 1 1 1 1 1 0 1 1 1 1 1 1 1 1 1 1 1 1 1
 1 1 1 1 1 1 1 1 1 1 1 1 1 1]
---- : ----
PCRs : [(0.6, 0.0), (0.74, 0.0)]
DCs : [0.6, 0.74]
IPSs : [(0.71, 0.0), (0.79, 0.0)]
SINGs : [(1.0, 0.0), (1.0, 0.0)]
IPCs : [(0.74, 0.0), (0.79, 0.0)]
patPCRs : [[0.5952380952380952], [0.7435897435897436]]
patDCs : []
patIPSs : [[0.7073170731707317], [0.7906976744186046]]
patSINGs : [[1.0], [1.0]]
patIPCs : [[0.7435897435897436], [0.7857142857142857]]
Optional results : []
