baseAlgorithms : ['Kmeans']
repeatBPgen : 1
maxClustSize : 125
Coverage : 30
patType : tag
V : 104
clustPatDF.shape : (31, 104)
Kmin : 3
Kmax : 15
minAppar : 0
maxAppar : 2
Discriminativeness : 10
nbMaxMoreThan1 : 20
nbMaxLessThan1 : 20
nbMaxDiffThan1 : 40
idObj : 9

--- RESULTS ---

times : [0.0, 0.0, 0.03, 0.16, 132.97]
allClust : [[1, 8, 17, 18, 20, 29, 39, 45, 48, 53, 57, 64, 69, 70, 79, 81, 83, 85, 92, 96, 99, 101, 110, 115], [13, 21, 27, 30, 38, 52, 86, 87, 89, 95, 106, 107, 114, 124], [36, 54, 58, 78, 82, 104], [3, 7, 28, 31, 34, 68, 71, 108, 116], [26, 33, 59, 62, 63, 67, 72, 75, 93, 119], [42, 55, 80, 102, 121], [5, 10, 11, 24, 32, 44, 46, 91, 100, 111, 112, 118, 120], [6, 9, 12, 14, 16, 35, 43, 47, 49, 50, 66, 74, 84, 105, 113], [0, 2, 15, 22, 37, 40, 51, 56, 65, 90, 94, 98, 103, 109, 122]]
allClustLen : [24, 14, 6, 9, 10, 5, 13, 15, 15]
descrNames : [[['userdId_4']], [['userdId_16']], [['userdId_19']], [['userdId_21']], [['userdId_39']], [['userdId_18']], [['userdId_27']], [['userdId_28']], [['userdId_36']]]
descrPatIds : [[19, 12], [23], [25], [15], [13, 22], [24], [27], [30], [26]]
descrTagsIds : [['[2]', '[5]'], ['[14]'], ['[17]'], ['[4]'], ['[15]', '[18]'], ['[19]'], ['[20]'], ['[7]'], ['[1]']]
nbNotAttrib : 14
nbMultiAttrib : 0
nbOfClusterForEachInstance : [1 1 1 1 0 1 1 1 1 1 1 1 1 1 1 1 1 1 1 0 1 1 1 0 1 0 1 1 1 1 1 1 1 1 1 1 1
 1 1 1 1 0 1 1 1 1 1 1 1 1 1 1 1 1 1 1 1 1 1 1 0 0 1 1 1 1 1 1 1 1 1 1 1 0
 1 1 0 0 1 1 1 1 1 1 1 1 1 1 0 1 1 1 1 1 1 1 1 0 1 1 1 1 1 1 1 1 1 1 1 1 1
 1 1 1 1 1 1 0 1 1 1 1 1 0 1]
---- : ----
PCRs : [(0.35, 0.02), (0.36, 0.0), (1.0, 0.0), (0.78, 0.0), (0.5, 0.1), (1.0, 0.0), (0.38, 0.0), (0.33, 0.0), (0.6, 0.0)]
DCs : [0.71, 0.36, 1.0, 0.78, 1.0, 1.0, 0.38, 0.33, 0.6]
IPSs : [(0.99, 0.01), (1.0, 0.0), (0.98, 0.0), (0.98, 0.0), (0.98, 0.02), (1.0, 0.0), (1.0, 0.0), (0.96, 0.0), (1.0, 0.0)]
SINGs : [(1.0, 0.0), (1.0, 0.0), (1.0, 0.0), (1.0, 0.0), (1.0, 0.0), (1.0, 0.0), (1.0, 0.0), (1.0, 0.0), (1.0, 0.0)]
IPCs : [(1.0, 0.0), (1.0, 0.0), (1.0, 0.0), (0.99, 0.0), (1.0, 0.0), (1.0, 0.0), (1.0, 0.0), (0.99, 0.0), (1.0, 0.0)]
patPCRs : [[0.375, 0.3333333333333333], [0.35714285714285715], [1.0], [0.7777777777777778], [0.6, 0.4], [1.0], [0.38461538461538464], [0.3333333333333333], [0.6]]
patDCs : []
patIPSs : [[1.0, 0.9702970297029703], [1.0], [0.9831932773109243], [0.9827586206896551], [0.9565217391304348, 1.0], [1.0], [1.0], [0.9636363636363636], [1.0]]
patSINGs : [[1.0, 1.0], [1.0], [1.0], [1.0], [1.0, 1.0], [1.0], [1.0], [1.0], [1.0]]
patIPCs : [[1.0, 0.9910714285714286], [1.0], [1.0], [0.9851762820512822], [1.0, 1.0], [1.0], [1.0], [0.9895833333333333], [1.0]]
Optional results : []
