baseAlgorithms : ['Kmeans']
repeatBPgen : 1
maxClustSize : 110
Coverage : 50
patType : tag
V : 104
clustPatDF.shape : (24, 104)
Kmin : 2
Kmax : 15
minAppar : 0
maxAppar : 2
Discriminativeness : 30
nbMaxMoreThan1 : 20
nbMaxLessThan1 : 20
nbMaxDiffThan1 : 40
idObj : 9

--- RESULTS ---

times : [0.0, 0.0, 0.02, 0.13, 112.82]
allClust : [[4, 11, 12, 14, 30, 38, 42, 43, 47, 50, 52, 53, 55, 60, 61, 62, 63, 67, 69, 71, 72, 75, 79, 80, 83, 84, 86, 88, 92, 94, 97, 100, 101, 103, 108], [0, 1, 2, 3, 6, 7, 8, 9, 13, 15, 16, 17, 18, 19, 20, 21, 22, 23, 24, 25, 26, 27, 28, 31, 35, 36, 37, 39, 40, 41, 44, 45, 46, 48, 49, 51, 54, 56, 58, 59, 64, 68, 70, 73, 74, 76, 77, 78, 81, 82, 85, 87, 89, 91, 93, 95, 96, 98, 99, 102, 104, 105, 107, 109]]
allClustLen : [35, 64]
descrNames : [[['InstDepth<=3.0']], [['InstDepth>3.0']]]
descrPatIds : [[5], [10, 11]]
descrTagsIds : [['[43]'], ['[44]', '[56]']]
nbNotAttrib : 11
nbMultiAttrib : 0
nbOfClusterForEachInstance : [1 1 1 1 1 0 1 1 1 1 0 1 1 1 1 1 1 1 1 1 1 1 1 1 1 1 1 1 1 0 1 1 0 0 0 1 1
 1 1 1 1 1 1 1 1 1 1 1 1 1 1 1 1 1 1 1 1 0 1 1 1 1 1 1 1 0 0 1 1 1 1 1 1 1
 1 1 1 1 1 1 1 1 1 1 1 1 1 1 1 1 0 1 1 1 1 1 1 1 1 1 1 1 1 1 1 1 0 1 1 1]
---- : ----
PCRs : [(0.74, 0.0), (0.7, 0.13)]
DCs : [0.74, 0.91]
IPSs : [(0.72, 0.0), (0.87, 0.09)]
SINGs : [(1.0, 0.0), (1.0, 0.0)]
IPCs : [(0.83, 0.0), (0.84, 0.1)]
patPCRs : [[0.7428571428571429], [0.828125, 0.5625]]
patDCs : []
patIPSs : [[0.72], [0.782608695652174, 0.9565217391304348]]
patSINGs : [[1.0], [1.0, 1.0]]
patIPCs : [[0.828125], [0.7428571428571429, 0.9428571428571428]]
Optional results : []
