baseAlgorithms : ['Kmeans']
repeatBPgen : 1
maxClustSize : 110
Coverage : 70
patType : pat
V : 55
clustPatDF.shape : (13, 55)
Kmin : 2
Kmax : 15
minAppar : 0
maxAppar : 2
Discriminativeness : 30
nbMaxMoreThan1 : 20
nbMaxLessThan1 : 20
nbMaxDiffThan1 : 40
idObj : 9

--- RESULTS ---

times : [0.0, 0.0, 0.82, 0.04, 5.21]
allClust : [[0, 1, 2, 3, 5, 6, 7, 8, 9, 13, 15, 16, 17, 18, 19, 20, 21, 22, 23, 24, 25, 26, 27, 28, 31, 32, 34, 35, 36, 37, 39, 40, 41, 44, 45, 46, 48, 49, 51, 54, 56, 58, 59, 62, 64, 65, 66, 68, 70, 73, 74, 76, 77, 78, 81, 82, 85, 87, 89, 90, 91, 93, 95, 96, 98, 99, 102, 104, 105, 106, 107, 109], [4, 11, 12, 14, 30, 38, 42, 52, 53, 55, 60, 61, 63, 69, 71, 75, 79, 80, 83, 84, 86, 88, 92, 94, 97, 101, 103, 108]]
allClustLen : [72, 28]
descrNames : [[['NbVars<=2.0', 'NbParams<=1.0', 'HasForLoop', 'InstDepth>3.0', 'HasIfInLoop', 'NbTokens<=75.0', 'NbLines<=10.0']], [['NbParams<=1.0', 'HasForLoop', 'InstDepth<=3.0', 'HasIfInLoop', 'NbReturns<=1.0', 'NbTokens<=75.0', 'NbLines<=10.0']]]
descrPatIds : [[2], [0]]
descrTagsIds : [['[32, 34, 36, 37, 39, 44, 47, 54, 30]'], ['[34, 36, 37, 39, 43, 47, 49, 54, 30]']]
nbNotAttrib : 10
nbMultiAttrib : 0
nbOfClusterForEachInstance : [1 1 1 1 1 1 1 1 1 1 0 1 1 1 1 1 1 1 1 1 1 1 1 1 1 1 1 1 1 0 1 1 1 0 1 1 1
 1 1 1 1 1 1 0 1 1 1 0 1 1 0 1 1 1 1 1 1 0 1 1 1 1 1 1 1 1 1 0 1 1 1 1 0 1
 1 1 1 1 1 1 1 1 1 1 1 1 1 1 1 1 1 1 1 1 1 1 1 1 1 1 0 1 1 1 1 1 1 1 1 1]
---- : ----
PCRs : [(0.72, 0.0), (0.82, 0.0)]
DCs : [0.72, 0.82]
IPSs : [(0.82, 0.0), (0.83, 0.0)]
SINGs : [(1.0, 0.0), (1.0, 0.0)]
IPCs : [(0.86, 0.0), (0.88, 0.0)]
patPCRs : [[0.7222222222222222], [0.8214285714285714]]
patDCs : []
patIPSs : [[0.8157894736842105], [0.8292682926829268]]
patSINGs : [[1.0], [1.0]]
patIPCs : [[0.8571428571428572], [0.875]]
Optional results : []
