baseAlgorithms : ['Kmeans']
repeatBPgen : 1
maxClustSize : 110
Coverage : 50
patType : pat
V : 80
clustPatDF.shape : (13, 80)
Kmin : 2
Kmax : 15
minAppar : 0
maxAppar : 2
Discriminativeness : 10
nbMaxMoreThan1 : 20
nbMaxLessThan1 : 20
nbMaxDiffThan1 : 40
idObj : 9

--- RESULTS ---

times : [0.0, 0.0, 0.8, 0.06, 8.95]
allClust : [[0, 1, 2, 3, 6, 7, 8, 9, 13, 15, 16, 17, 18, 19, 20, 21, 22, 23, 24, 25, 26, 27, 28, 31, 35, 36, 37, 39, 40, 41, 44, 45, 46, 48, 49, 51, 54, 56, 58, 59, 64, 68, 70, 73, 74, 76, 77, 78, 81, 82, 85, 87, 89, 91, 93, 95, 96, 98, 99, 102, 104, 105, 107, 109], [5, 32, 34, 65, 66, 90, 106], [4, 11, 14, 30, 38, 42, 61, 63, 71, 79, 80, 83, 84, 86, 101], [12, 53, 103], [108]]
allClustLen : [64, 7, 15, 3, 1]
descrNames : [[['NbVars<=2.0', 'NbParams<=1.0', 'HasForLoop', 'HasIfInLoop', 'NbTokens<=75.0', 'PassedTestCases', 'NbLines<=10.0']], [['NbVars<=2.0', 'NbParams<=1.0', 'HasForLoop', 'userdId_24', 'InstDepth<=3.0', 'HasIfInLoop', 'NbReturns<=1.0', 'NbTokens<=75.0', 'NbLines<=10.0']], [['NbVars<=2.0', 'NbParams<=1.0', 'HasForLoop', 'userdId_21', 'InstDepth<=3.0', 'HasIfInLoop', 'NbReturns<=1.0', 'NbTokens<=75.0', 'NbLines<=10.0']], [['NbVars<=2.0', 'NbParams<=1.0', 'userdId_23', 'HasForLoop', 'InstDepth<=3.0', 'HasIfInLoop', 'NbReturns<=1.0', 'NbTokens<=75.0', 'NbLines<=10.0']], [['NbVars>2.0', 'NbParams<=1.0', 'HasForLoop', 'InstDepth>3.0', 'HasIfInLoop', 'NbReturns<=1.0', 'userdId_45', 'NbTokens<=75.0', 'NbLines<=10.0']]]
descrPatIds : [[4, 1], [6], [9], [8], [12]]
descrTagsIds : [['[32, 34, 36, 37, 39, 47, 54, 56, 30]', '[32, 34, 36, 37, 39, 44, 47, 49, 54, 30]'], ['[32, 34, 36, 37, 6, 39, 43, 47, 49, 54, 30]'], ['[32, 34, 36, 37, 39, 11, 43, 47, 49, 54, 30]'], ['[32, 34, 36, 5, 37, 39, 43, 47, 49, 54, 30]'], ['[33, 34, 36, 37, 39, 44, 47, 49, 21, 54, 30]']]
nbNotAttrib : 20
nbMultiAttrib : 0
nbOfClusterForEachInstance : [1 1 1 1 1 1 1 1 1 1 0 1 1 1 1 1 1 1 1 1 1 1 1 1 1 1 1 1 1 0 1 1 1 0 1 1 1
 1 1 1 1 1 1 0 1 1 1 0 1 1 0 1 0 1 1 0 1 0 1 1 0 1 0 1 1 1 1 0 1 0 1 1 0 1
 1 0 1 1 1 1 1 1 1 1 1 1 1 1 0 1 1 1 0 1 0 1 1 0 1 1 0 1 1 1 1 1 1 1 1 1]
---- : ----
PCRs : [(0.63, 0.1), (0.71, 0.0), (0.53, 0.0), (1.0, 0.0), (1.0, 0.0)]
DCs : [0.84, 0.71, 0.53, 1.0, 1.0]
IPSs : [(0.9, 0.05), (1.0, 0.0), (0.95, 0.0), (0.95, 0.0), (1.0, 0.0)]
SINGs : [(0.75, 0.0), (0.75, 0.0), (0.75, 0.0), (0.75, 0.0), (1.0, 0.0)]
IPCs : [(0.98, 0.0), (1.0, 0.0), (0.99, 0.0), (0.98, 0.0), (1.0, 0.0)]
patPCRs : [[0.53125, 0.734375], [0.7142857142857143], [0.5333333333333333], [1.0], [1.0]]
patDCs : []
patIPSs : [[0.9565217391304348, 0.8478260869565217], [1.0], [0.9473684210526316], [0.9532710280373832], [1.0]]
patSINGs : [[0.75, 0.75], [0.75], [0.75], [0.75], [1.0]]
patIPCs : [[0.9833333333333334, 0.9833333333333334], [1.0], [0.9921875], [0.9833333333333334], [1.0]]
Optional results : []
