baseAlgorithms : ['Kmeans']
repeatBPgen : 1
maxClustSize : 110
Coverage : 70
patType : tag
V : 104
clustPatDF.shape : (23, 104)
Kmin : 3
Kmax : 15
minAppar : 0
maxAppar : 2
Discriminativeness : 30
nbMaxMoreThan1 : 20
nbMaxLessThan1 : 20
nbMaxDiffThan1 : 40
idObj : 9

--- RESULTS ---

times : [0.0, 0.0, 0.02, 0.1, 112.68]
allClust : [[0, 1, 2, 3, 6, 7, 8, 9, 13, 15, 16, 17, 18, 19, 20, 21, 22, 23, 24, 25, 26, 27, 28, 31, 35, 36, 37, 39, 40, 41, 44, 45, 46, 48, 49, 51, 54, 56, 58, 59, 64, 68, 70, 73, 74, 76, 77, 78, 81, 82, 85, 87, 89, 91, 93, 95, 96, 98, 99, 102, 104, 105, 107, 109], [5, 32, 34, 65, 66, 90, 106], [12, 52, 53, 60, 63, 69, 71, 88, 94, 97, 103], [4, 11, 14, 38, 42, 61, 79, 80, 84, 86, 101]]
allClustLen : [64, 7, 11, 11]
descrNames : [[['InstDepth>3.0']], [['userdId_24']], [['userdId_23']], [['userdId_21']]]
descrPatIds : [[10], [11], [13], [17]]
descrTagsIds : [['[44]'], ['[6]'], ['[5]'], ['[11]']]
nbNotAttrib : 17
nbMultiAttrib : 0
nbOfClusterForEachInstance : [1 1 1 1 1 1 1 1 1 1 0 1 1 1 1 1 1 1 1 1 1 1 1 1 1 1 1 1 1 0 0 1 1 0 1 1 1
 1 1 1 1 1 1 0 1 1 1 0 1 1 0 1 1 1 1 0 1 0 1 1 1 1 0 1 1 1 1 0 1 1 1 1 0 1
 1 0 1 1 1 1 1 1 1 0 1 1 1 1 1 1 1 1 0 1 1 1 1 1 1 1 0 1 1 1 1 1 1 1 0 1]
---- : ----
PCRs : [(0.83, 0.0), (0.71, 0.0), (0.73, 0.0), (0.73, 0.0)]
DCs : [0.83, 0.71, 0.73, 0.73]
IPSs : [(0.78, 0.0), (0.99, 0.0), (0.96, 0.0), (0.91, 0.0)]
SINGs : [(1.0, 0.0), (1.0, 0.0), (1.0, 0.0), (1.0, 0.0)]
IPCs : [(0.95, 0.0), (0.99, 0.0), (0.91, 0.0), (0.9, 0.0)]
patPCRs : [[0.828125], [0.7142857142857143], [0.7272727272727273], [0.7272727272727273]]
patDCs : []
patIPSs : [[0.782608695652174], [0.9902912621359223], [0.9595959595959596], [0.9090909090909091]]
patSINGs : [[1.0], [1.0], [1.0], [1.0]]
patIPCs : [[0.9523809523809524], [0.9947916666666666], [0.9090909090909092], [0.8986742424242425]]
Optional results : []
