baseAlgorithms : ['Kmeans']
repeatBPgen : 1
maxClustSize : 110
Coverage : 70
patType : tag
V : 104
clustPatDF.shape : (23, 104)
Kmin : 3
Kmax : 15
minAppar : 0
maxAppar : 2
Discriminativeness : 50
nbMaxMoreThan1 : 20
nbMaxLessThan1 : 20
nbMaxDiffThan1 : 40
idObj : 9

--- RESULTS ---

times : [0.0, 0.0, 0.02, 0.1, 103.59]
allClust : [[4, 11, 12, 14, 30, 38, 42, 52, 53, 55, 60, 61, 63, 69, 71, 75, 79, 80, 83, 84, 86, 88, 92, 94, 97, 101, 103, 108], [0, 1, 2, 3, 6, 7, 8, 9, 13, 15, 16, 17, 18, 19, 20, 21, 22, 23, 24, 25, 26, 27, 28, 31, 35, 36, 37, 39, 40, 41, 44, 45, 46, 48, 49, 51, 54, 56, 58, 59, 64, 68, 70, 73, 74, 76, 77, 78, 81, 82, 85, 87, 89, 91, 93, 95, 96, 98, 99, 102, 104, 105, 107, 109], [66, 72]]
allClustLen : [28, 64, 2]
descrNames : [[['InstDepth<=3.0']], [['InstDepth>3.0']], [['userdId_16']]]
descrPatIds : [[5], [10], [15]]
descrTagsIds : [['[43]'], ['[44]'], ['[20]']]
nbNotAttrib : 16
nbMultiAttrib : 0
nbOfClusterForEachInstance : [1 1 1 1 1 0 1 1 1 1 0 1 1 1 1 1 1 1 1 1 1 1 1 1 1 1 1 1 1 0 1 1 0 0 0 1 1
 1 1 1 1 1 1 0 1 1 1 0 1 1 0 1 1 1 1 1 1 0 1 1 1 1 0 1 1 0 1 0 1 1 1 1 1 1
 1 1 1 1 1 1 1 1 1 1 1 1 1 1 1 1 0 1 1 1 1 1 1 1 1 1 0 1 1 1 1 1 0 1 1 1]
---- : ----
PCRs : [(0.82, 0.0), (0.83, 0.0), (1.0, 0.0)]
DCs : [0.82, 0.83, 1.0]
IPSs : [(0.71, 0.0), (0.78, 0.0), (0.97, 0.0)]
SINGs : [(0.5, 0.0), (0.5, 0.0), (1.0, 0.0)]
IPCs : [(0.66, 0.0), (0.66, 0.0), (0.98, 0.0)]
patPCRs : [[0.8214285714285714], [0.828125], [1.0]]
patDCs : []
patIPSs : [[0.7073170731707317], [0.782608695652174], [0.9722222222222222]]
patSINGs : [[0.5], [0.5], [1.0]]
patIPCs : [[0.6640625], [0.6607142857142857], [0.9765625]]
Optional results : []
