baseAlgorithms : ['Kmeans']
repeatBPgen : 1
maxClustSize : 110
Coverage : 50
patType : tag
V : 104
clustPatDF.shape : (24, 104)
Kmin : 3
Kmax : 15
minAppar : 0
maxAppar : 2
Discriminativeness : 30
nbMaxMoreThan1 : 20
nbMaxLessThan1 : 20
nbMaxDiffThan1 : 40
idObj : 9

--- RESULTS ---

times : [0.0, 0.0, 0.02, 0.13, 112.85]
allClust : [[0, 1, 2, 3, 6, 7, 8, 9, 13, 15, 16, 17, 18, 19, 20, 21, 22, 23, 24, 25, 26, 27, 28, 31, 35, 36, 37, 39, 40, 41, 44, 45, 46, 48, 49, 51, 54, 56, 58, 59, 64, 68, 70, 73, 74, 76, 77, 78, 81, 82, 85, 87, 89, 91, 93, 95, 96, 98, 99, 102, 104, 105, 107, 109], [4, 11, 14, 30, 38, 42, 61, 63, 71, 79, 80, 83, 84, 86, 101], [12, 52, 53, 60, 69, 88, 94, 97, 103], [5, 32, 34, 65, 90, 106]]
allClustLen : [64, 15, 9, 6]
descrNames : [[['InstDepth>3.0']], [['userdId_21']], [['userdId_23']], [['userdId_24']]]
descrPatIds : [[10, 11], [14], [12], [13]]
descrTagsIds : [['[44]', '[56]'], ['[11]'], ['[5]'], ['[6]']]
nbNotAttrib : 16
nbMultiAttrib : 0
nbOfClusterForEachInstance : [1 1 1 1 1 1 1 1 1 1 0 1 1 1 1 1 1 1 1 1 1 1 1 1 1 1 1 1 1 0 1 1 1 0 1 1 1
 1 1 1 1 1 1 0 1 1 1 0 1 1 0 1 1 1 1 0 1 0 1 1 1 1 0 1 1 1 0 0 1 1 1 1 0 1
 1 0 1 1 1 1 1 1 1 1 1 1 1 1 1 1 1 1 0 1 1 1 1 1 1 1 0 1 1 1 1 1 1 1 0 1]
---- : ----
PCRs : [(0.7, 0.13), (0.67, 0.0), (0.89, 0.0), (0.83, 0.0)]
DCs : [0.91, 0.67, 0.89, 0.83]
IPSs : [(0.87, 0.09), (0.93, 0.0), (0.96, 0.0), (0.99, 0.0)]
SINGs : [(1.0, 0.0), (1.0, 0.0), (1.0, 0.0), (1.0, 0.0)]
IPCs : [(0.98, 0.0), (0.95, 0.0), (0.91, 0.0), (0.99, 0.0)]
patPCRs : [[0.828125, 0.5625], [0.6666666666666666], [0.8888888888888888], [0.8333333333333334]]
patDCs : []
patIPSs : [[0.782608695652174, 0.9565217391304348], [0.9263157894736842], [0.9603960396039604], [0.9903846153846154]]
patSINGs : [[1.0, 1.0], [1.0], [1.0], [1.0]]
patIPCs : [[0.9777777777777779, 0.9777777777777779], [0.9525462962962963], [0.9111111111111111], [0.9947916666666666]]
Optional results : []
