baseAlgorithms : ['Kmeans']
repeatBPgen : 1
maxClustSize : 110
Coverage : 30
patType : tag
V : 104
clustPatDF.shape : (26, 104)
Kmin : 3
Kmax : 15
minAppar : 0
maxAppar : 2
Discriminativeness : 10
nbMaxMoreThan1 : 20
nbMaxLessThan1 : 20
nbMaxDiffThan1 : 40
idObj : 9

--- RESULTS ---

times : [0.0, 0.0, 0.02, 0.14, 127.92]
allClust : [[0, 1, 2, 3, 6, 7, 8, 9, 13, 15, 16, 17, 18, 19, 20, 21, 22, 23, 24, 25, 26, 27, 28, 31, 35, 36, 37, 39, 40, 41, 44, 45, 46, 48, 49, 51, 54, 56, 58, 59, 64, 68, 70, 73, 74, 76, 77, 78, 81, 82, 85, 87, 89, 91, 93, 95, 96, 98, 99, 102, 104, 105, 107, 109], [11, 12, 14, 30, 38, 42, 52, 53, 60, 61, 63, 69, 71, 79, 80, 83, 84, 86, 88, 94, 97, 103], [5, 32, 34, 65, 90, 106]]
allClustLen : [64, 22, 6]
descrNames : [[['InstDepth>3.0']], [['userdId_21']], [['userdId_24']]]
descrPatIds : [[12, 13], [10, 0], [17]]
descrTagsIds : [['[44]', '[56]'], ['[11]', '[5]'], ['[6]']]
nbNotAttrib : 18
nbMultiAttrib : 0
nbOfClusterForEachInstance : [1 1 1 1 0 1 1 1 1 1 0 1 1 1 1 1 1 1 1 1 1 1 1 1 1 1 1 1 1 0 1 1 1 0 1 1 1
 1 1 1 1 1 1 0 1 1 1 0 1 1 0 1 1 1 1 0 1 0 1 1 1 1 0 1 1 1 0 0 1 1 1 1 0 1
 1 0 1 1 1 1 1 1 1 1 1 1 1 1 1 1 1 1 0 1 1 1 1 1 1 1 0 0 1 1 1 1 1 1 0 1]
---- : ----
PCRs : [(0.7, 0.13), (0.48, 0.02), (0.83, 0.0)]
DCs : [0.91, 0.95, 0.83]
IPSs : [(0.87, 0.09), (0.95, 0.02), (0.99, 0.0)]
SINGs : [(1.0, 0.0), (1.0, 0.0), (1.0, 0.0)]
IPCs : [(0.98, 0.0), (0.99, 0.01), (0.99, 0.0)]
patPCRs : [[0.828125, 0.5625], [0.5, 0.45454545454545453], [0.8333333333333334]]
patDCs : []
patIPSs : [[0.782608695652174, 0.9565217391304348], [0.9318181818181819, 0.9772727272727273], [0.9903846153846154]]
patSINGs : [[1.0, 1.0], [1.0, 1.0], [1.0]]
patIPCs : [[0.9772727272727273, 0.9772727272727273], [0.984375, 1.0], [0.9921875]]
Optional results : []
