baseAlgorithms : ['Kmeans']
repeatBPgen : 1
maxClustSize : 110
Coverage : 50
patType : tag
V : 104
clustPatDF.shape : (24, 104)
Kmin : 3
Kmax : 15
minAppar : 0
maxAppar : 2
Discriminativeness : 10
nbMaxMoreThan1 : 20
nbMaxLessThan1 : 20
nbMaxDiffThan1 : 40
idObj : 9

--- RESULTS ---

times : [0.0, 0.0, 0.02, 0.13, 114.69]
allClust : [[0, 1, 2, 3, 6, 7, 8, 9, 13, 15, 16, 17, 18, 19, 20, 21, 22, 23, 24, 25, 26, 27, 28, 31, 35, 36, 37, 39, 40, 41, 44, 45, 46, 48, 49, 51, 54, 56, 58, 59, 64, 68, 70, 73, 74, 76, 77, 78, 81, 82, 85, 87, 89, 91, 93, 95, 96, 98, 99, 102, 104, 105, 107, 109], [12, 52, 53, 60, 63, 69, 71, 88, 94, 97, 103], [5, 32, 34, 37, 65, 90, 106, 107], [43, 47, 50, 67, 100], [66, 72], [10, 29, 33, 57]]
allClustLen : [64, 11, 8, 5, 2, 4]
descrNames : [[['PassedTestCases']], [['userdId_23']], [['userdId_24']], [['userdId_14']], [['userdId_16']], [['HasIfElse']]]
descrPatIds : [[11], [12], [13], [15], [16], [19]]
descrTagsIds : [['[56]'], ['[5]'], ['[6]'], ['[2]'], ['[20]'], ['[40]']]
nbNotAttrib : 18
nbMultiAttrib : 2
nbOfClusterForEachInstance : [1 1 1 1 0 1 1 1 1 1 1 0 1 1 0 1 1 1 1 1 1 1 1 1 1 1 1 1 1 1 0 1 1 1 1 1 1
 2 0 1 1 1 0 1 1 1 1 1 1 1 1 1 1 1 1 0 1 1 1 1 1 0 0 1 1 1 1 1 1 1 1 1 1 1
 1 0 1 1 1 0 0 1 1 0 0 1 0 1 1 1 1 1 0 1 1 1 1 1 1 1 1 0 1 1 1 1 1 2 0 1]
---- : ----
PCRs : [(0.56, 0.0), (0.73, 0.0), (0.62, 0.0), (0.8, 0.0), (1.0, 0.0), (1.0, 0.0)]
DCs : [0.56, 0.73, 0.62, 0.8, 1.0, 1.0]
IPSs : [(0.96, 0.0), (0.96, 0.0), (0.99, 0.0), (0.91, 0.0), (0.97, 0.0), (0.93, 0.0)]
SINGs : [(1.0, 0.0), (1.0, 0.0), (1.0, 0.0), (1.0, 0.0), (1.0, 0.0), (1.0, 0.0)]
IPCs : [(1.0, 0.0), (1.0, 0.0), (1.0, 0.0), (0.98, 0.0), (0.99, 0.0), (0.98, 0.0)]
patPCRs : [[0.5625], [0.7272727272727273], [0.625], [0.8], [1.0], [1.0]]
patDCs : []
patIPSs : [[0.9565217391304348], [0.9595959595959596], [0.9901960784313726], [0.9142857142857143], [0.9722222222222222], [0.9339622641509434]]
patSINGs : [[1.0], [1.0], [1.0], [1.0], [1.0], [1.0]]
patIPCs : [[1.0], [1.0], [0.996875], [0.98125], [0.990625], [0.984375]]
Optional results : []
