baseAlgorithms : ['Kmeans']
repeatBPgen : 1
maxClustSize : 110
Coverage : 30
patType : pat
V : 102
clustPatDF.shape : (25, 102)
Kmin : 2
Kmax : 15
minAppar : 0
maxAppar : 2
Discriminativeness : 10
nbMaxMoreThan1 : 20
nbMaxLessThan1 : 20
nbMaxDiffThan1 : 40
idObj : 9

--- RESULTS ---

times : [0.14, 0.0, 0.95, 0.16, 14.71]
allClust : [[4, 11, 12, 14, 30, 38, 42, 43, 47, 50, 52, 53, 55, 60, 61, 62, 63, 67, 69, 71, 72, 75, 79, 80, 83, 84, 86, 88, 92, 94, 97, 100, 101, 103, 108], [0, 1, 2, 3, 6, 7, 8, 9, 13, 15, 16, 17, 18, 19, 20, 21, 22, 23, 24, 25, 26, 27, 28, 31, 35, 36, 37, 39, 40, 41, 44, 45, 46, 48, 49, 51, 54, 56, 58, 59, 64, 68, 70, 73, 74, 76, 77, 78, 81, 82, 85, 87, 89, 91, 93, 95, 96, 98, 99, 102, 104, 105, 107, 109], [66, 72], [5, 32, 34, 37, 65, 90, 106, 107]]
allClustLen : [35, 64, 2, 8]
descrNames : [[['NbParams<=1.0', 'HasForLoop', 'userdId_23', 'InstDepth<=3.0', 'HasIfInLoop', 'NbReturns<=1.0', 'NbTokens<=75.0', 'NbLines<=10.0']], [['NbVars<=2.0', 'NbParams<=1.0', 'HasForLoop', 'InstDepth>3.0', 'HasIfInLoop', 'NbReturns<=1.0', 'NbTokens<=75.0', 'PassedTestCases', 'NbLines<=10.0']], [['NbVars>2.0', 'NbParams<=1.0', 'HasForLoop', 'InstDepth>3.0', 'HasIfInLoop', 'NbReturns<=1.0', 'userdId_16', 'NbTokens<=75.0', 'NbLines<=10.0']], [['NbVars<=2.0', 'NbParams<=1.0', 'HasForLoop', 'userdId_24', 'InstDepth<=3.0', 'HasIfInLoop', 'NbReturns<=1.0', 'NbTokens<=75.0', 'NbLines<=10.0']]]
descrPatIds : [[1, 2], [3], [15], [7]]
descrTagsIds : [['[34, 36, 37, 5, 39, 43, 47, 49, 54, 30]', '[34, 36, 37, 39, 11, 43, 47, 49, 54, 30]'], ['[32, 34, 36, 37, 39, 44, 47, 49, 54, 56, 30]'], ['[33, 34, 36, 37, 39, 44, 47, 49, 20, 54, 30]'], ['[32, 34, 36, 37, 6, 39, 43, 47, 49, 54, 30]']]
nbNotAttrib : 4
nbMultiAttrib : 3
nbOfClusterForEachInstance : [1 1 1 1 1 1 1 1 1 1 0 1 1 1 1 1 1 1 1 1 1 1 1 1 1 1 1 1 1 0 1 1 1 0 1 1 1
 2 1 1 1 1 1 1 1 1 1 1 1 1 1 1 1 1 1 1 1 0 1 1 1 1 1 1 1 1 1 1 1 1 1 1 2 1
 1 1 1 1 1 1 1 1 1 1 1 1 1 1 1 1 1 1 1 1 1 1 1 1 1 1 1 1 1 1 1 1 1 2 1 1]
---- : ----
PCRs : [(0.33, 0.01), (0.42, 0.0), (0.5, 0.0), (0.62, 0.0)]
DCs : [0.66, 0.42, 0.5, 0.62]
IPSs : [(0.96, 0.04), (0.98, 0.0), (1.0, 0.0), (1.0, 0.0)]
SINGs : [(0.67, 0.0), (0.67, 0.0), (1.0, 0.0), (0.67, 0.0)]
IPCs : [(0.99, 0.01), (0.99, 0.0), (1.0, 0.0), (1.0, 0.0)]
patPCRs : [[0.34285714285714286, 0.3142857142857143], [0.421875], [0.5], [0.625]]
patDCs : []
patIPSs : [[1.0, 0.92], [0.9782608695652174], [1.0], [1.0]]
patSINGs : [[0.6666666666666667, 0.6666666666666667], [0.6666666666666667], [1.0], [0.6666666666666667]]
patIPCs : [[1.0, 0.9895833333333334], [0.9904761904761905], [1.0], [1.0]]
Optional results : []
