baseAlgorithms : ['Kmeans']
repeatBPgen : 1
maxClustSize : 110
Coverage : 70
patType : pat
V : 55
clustPatDF.shape : (13, 55)
Kmin : 3
Kmax : 15
minAppar : 0
maxAppar : 2
Discriminativeness : 50
nbMaxMoreThan1 : 20
nbMaxLessThan1 : 20
nbMaxDiffThan1 : 40
idObj : 9

--- RESULTS ---

times : [0.0, 0.0, 0.82, 0.04, 5.83]
allClust : [[0, 1, 2, 3, 5, 6, 7, 8, 9, 13, 15, 16, 17, 18, 19, 20, 21, 22, 23, 24, 25, 26, 27, 28, 31, 32, 34, 35, 36, 37, 39, 40, 41, 44, 45, 46, 48, 49, 51, 54, 56, 58, 59, 62, 64, 65, 66, 68, 70, 73, 74, 76, 77, 78, 81, 82, 85, 87, 89, 90, 91, 93, 95, 96, 98, 99, 102, 104, 105, 106, 107, 109], [11, 12, 14, 30, 38, 42, 52, 53, 60, 61, 63, 69, 71, 79, 80, 83, 84, 86, 88, 94, 97, 103], [108]]
allClustLen : [72, 22, 1]
descrNames : [[['NbVars<=2.0', 'NbParams<=1.0', 'HasForLoop', 'InstDepth>3.0', 'HasIfInLoop', 'NbTokens<=75.0', 'NbLines<=10.0']], [['NbVars<=2.0', 'NbParams<=1.0', 'HasForLoop', 'InstDepth<=3.0', 'HasIfInLoop', 'NbReturns<=1.0', 'NbTokens<=75.0', 'NbLines<=10.0']], [['NbVars>2.0', 'NbParams<=1.0', 'HasForLoop', 'InstDepth>3.0', 'HasIfInLoop', 'NbReturns<=1.0', 'userdId_45', 'NbTokens<=75.0', 'NbLines<=10.0']]]
descrPatIds : [[2], [5], [12]]
descrTagsIds : [['[32, 34, 36, 37, 39, 44, 47, 54, 30]'], ['[32, 34, 36, 37, 39, 43, 47, 49, 54, 30]'], ['[33, 34, 36, 37, 39, 44, 47, 49, 21, 54, 30]']]
nbNotAttrib : 15
nbMultiAttrib : 0
nbOfClusterForEachInstance : [1 1 1 1 0 1 1 1 1 1 0 1 1 1 1 1 1 1 1 1 1 1 1 1 1 1 1 1 1 0 1 1 1 0 1 1 1
 1 1 1 1 1 1 0 1 1 1 0 1 1 0 1 1 1 1 0 1 0 1 1 1 1 1 1 1 1 1 0 1 1 1 1 0 1
 1 0 1 1 1 1 1 1 1 1 1 1 1 1 1 1 1 1 0 1 1 1 1 1 1 1 0 0 1 1 1 1 1 1 1 1]
---- : ----
PCRs : [(0.72, 0.0), (0.77, 0.0), (1.0, 0.0)]
DCs : [0.72, 0.77, 1.0]
IPSs : [(0.82, 0.0), (0.86, 0.0), (1.0, 0.0)]
SINGs : [(0.5, 0.0), (0.5, 0.0), (1.0, 0.0)]
IPCs : [(0.98, 0.0), (0.94, 0.0), (1.0, 0.0)]
patPCRs : [[0.7222222222222222], [0.7727272727272727], [1.0]]
patDCs : []
patIPSs : [[0.8157894736842105], [0.8636363636363636], [1.0]]
patSINGs : [[0.5], [0.5], [1.0]]
patIPCs : [[0.9772727272727273], [0.9375], [1.0]]
Optional results : []
