baseAlgorithms : ['Kmeans']
repeatBPgen : 2
maxClustSize : 159
Coverage : 70
patType : tag
V : 54
clustPatDF.shape : (40, 54)
Kmin : 3
Kmax : 4
minAppar : 0
maxAppar : 2
Discriminativeness : 50
nbMaxMoreThan1 : 15
nbMaxLessThan1 : 15
nbMaxDiffThan1 : 30
idObj : 5

--- RESULTS ---

times : [0.0, 0.0, 0.04, 0.22, 24.66]
allClust : [[32, 45, 46, 47, 48], [0, 8, 9, 10, 11, 12, 13, 14, 15, 16, 17, 18, 19, 20, 21, 22, 23, 24, 25, 26, 27, 28, 29, 30, 31, 33, 34, 35, 36, 37, 38, 39, 40, 41, 42, 49, 50, 51, 52, 53, 54, 55, 56, 57, 58, 59, 60, 61, 62, 63, 64, 65, 66, 67, 68, 69, 70, 71, 73, 77, 78, 84, 85, 86, 87, 88, 89, 91, 92, 97, 98, 99, 100, 101, 102, 103, 104, 105, 106, 107, 108, 109, 110, 111, 112, 113, 114, 115, 116, 117, 118, 119, 120, 121, 122, 123, 124, 125, 126, 127, 128, 129, 130, 132, 133, 134, 135, 136, 140, 141, 142, 143, 144, 145, 146, 147, 148, 149], [0, 1, 2, 4, 5, 6, 7, 18, 30, 43, 71, 72, 73, 74, 75, 76, 78, 79, 80, 81, 82, 83, 90, 93, 94, 95, 96, 131, 137, 138, 139, 148, 149, 150, 151, 152, 153, 154, 155, 156, 157, 158]]
allClustLen : [5, 118, 42]
descrNames : [[['peak-rpm_inf'], ['mercedes-benz']], [['fwd'], ['city-mpg_sup'], ['highway-mpg_sup']], [['mpfi']]]
descrPatIds : [[27, 28], [3, 7, 8], [18]]
descrTagsIds : [['[24]', '[39]'], ['[64]', '[27]', '[29]'], ['[87]']]
nbNotAttrib : 2
nbMultiAttrib : 8
nbOfClusterForEachInstance : [2 1 1 0 1 1 1 1 1 1 1 1 1 1 1 1 1 1 2 1 1 1 1 1 1 1 1 1 1 1 2 1 1 1 1 1 1
 1 1 1 1 1 1 1 0 1 1 1 1 1 1 1 1 1 1 1 1 1 1 1 1 1 1 1 1 1 1 1 1 1 1 2 1 2
 1 1 1 1 2 1 1 1 1 1 1 1 1 1 1 1 1 1 1 1 1 1 1 1 1 1 1 1 1 1 1 1 1 1 1 1 1
 1 1 1 1 1 1 1 1 1 1 1 1 1 1 1 1 1 1 1 1 1 1 1 1 1 1 1 1 1 1 1 1 1 1 1 1 1
 2 2 1 1 1 1 1 1 1 1 1]
---- : ----
PCRs : [(0.9, 0.1), (0.75, 0.06), (0.88, 0.0)]
DCs : [1.0, 0.9, 0.88]
IPSs : [(0.77, 0.23), (0.9, 0.05), (0.77, 0.0)]
SINGs : [(1.0, 0.0), (1.0, 0.0), (1.0, 0.0)]
IPCs : [(0.8, 0.2), (0.93, 0.04), (0.67, 0.0)]
patPCRs : [[1.0, 0.8], [0.8305084745762712, 0.7203389830508474, 0.7033898305084746], [0.8809523809523809]]
patDCs : []
patIPSs : [[0.538961038961039, 0.9935064935064936], [0.8292682926829268, 0.926829268292683, 0.9512195121951219], [0.7692307692307692]]
patSINGs : [[1.0, 1.0], [1.0, 1.0, 1.0], [1.0]]
patIPCs : [[0.5952380952380952, 1.0], [0.8690476190476191, 0.9523809523809523, 0.9642857142857143], [0.6728813559322033]]
Optional results : [[31066.0, 8506.31, 17090.02], [2603.86, 2099.77, 2660.23]]
