baseAlgorithms : ['Kmeans']
repeatBPgen : 2
maxClustSize : 159
Coverage : 60
patType : tag
V : 54
clustPatDF.shape : (47, 54)
Kmin : 3
Kmax : 4
minAppar : 0
maxAppar : 2
Discriminativeness : 50
nbMaxMoreThan1 : 15
nbMaxLessThan1 : 15
nbMaxDiffThan1 : 30
idObj : 5

--- RESULTS ---

times : [0.08, 0.0, 0.05, 0.26, 30.89]
allClust : [[8, 9, 10, 11, 12, 13, 14, 15, 16, 17, 19, 20, 21, 22, 23, 24, 25, 26, 27, 28, 33, 34, 35, 36, 37, 38, 39, 49, 50, 51, 52, 54, 55, 56, 59, 60, 61, 62, 63, 64, 65, 66, 67, 68, 69, 84, 85, 86, 87, 88, 89, 97, 98, 99, 100, 101, 105, 107, 109, 110, 111, 112, 113, 114, 115, 116, 117, 118, 119, 120, 122, 123, 126, 132, 140, 141, 142, 143, 144], [0, 18, 29, 30, 31, 40, 41, 42, 53, 57, 58, 70, 71, 72, 73, 77, 78, 91, 92, 102, 103, 104, 106, 108, 121, 124, 125, 127, 128, 129, 130, 133, 134, 135, 136, 145, 146, 147, 148, 149], [0, 1, 2, 4, 5, 6, 7, 18, 30, 43, 71, 72, 73, 74, 75, 76, 78, 79, 80, 81, 82, 83, 90, 93, 94, 95, 96, 131, 137, 138, 139, 148, 149, 150, 151, 152, 153, 154, 155, 156, 157, 158]]
allClustLen : [79, 40, 42]
descrNames : [[['symboling_sup'], ['wheel-base_inf'], ['length_inf'], ['width_inf'], ['curb-weight_inf'], ['engine-size_inf'], ['bore_inf'], ['horsepower_inf'], ['city-mpg_sup'], ['highway-mpg_sup'], ['2bbl']], [['stroke_sup']], [['rwd']]]
descrPatIds : [[0, 11, 12, 31, 1, 2, 3, 13, 14, 15, 38], [33], [29]]
descrTagsIds : [['[1]', '[4]', '[6]', '[8]', '[12]', '[14]', '[16]', '[22]', '[27]', '[29]', '[83]'], ['[19]'], ['[65]']]
nbNotAttrib : 7
nbMultiAttrib : 9
nbOfClusterForEachInstance : [2 1 1 0 1 1 1 1 1 1 1 1 1 1 1 1 1 1 2 1 1 1 1 1 1 1 1 1 1 1 2 1 0 1 1 1 1
 1 1 1 1 1 1 1 0 0 0 0 0 1 1 1 1 1 1 1 1 1 1 1 1 1 1 1 1 1 1 1 1 1 1 2 2 2
 1 1 1 1 2 1 1 1 1 1 1 1 1 1 1 1 1 1 1 1 1 1 1 1 1 1 1 1 1 1 1 1 1 1 1 1 1
 1 1 1 1 1 1 1 1 1 1 1 1 1 1 1 1 1 1 1 1 1 1 1 1 1 1 1 1 1 1 1 1 1 1 1 1 1
 2 2 1 1 1 1 1 1 1 1 1]
---- : ----
PCRs : [(0.81, 0.06), (0.68, 0.0), (0.71, 0.0)]
DCs : [1.0, 0.68, 0.71]
IPSs : [(0.81, 0.09), (0.52, 0.0), (0.86, 0.0)]
SINGs : [(1.0, 0.0), (1.0, 0.0), (1.0, 0.0)]
IPCs : [(0.81, 0.08), (0.53, 0.0), (0.86, 0.0)]
patPCRs : [[0.6962025316455697, 0.7974683544303798, 0.8354430379746836, 0.7974683544303798, 0.8860759493670886, 0.810126582278481, 0.759493670886076, 0.8607594936708861, 0.8734177215189873, 0.8734177215189873, 0.7088607594936709], [0.675], [0.7142857142857143]]
patDCs : []
patIPSs : [[0.5875, 0.8125, 0.8375, 0.8625, 0.8875, 0.825, 0.775, 0.9, 0.7625, 0.8, 0.9125], [0.5210084033613445], [0.8632478632478633]]
patSINGs : [[1.0, 1.0, 1.0, 1.0, 1.0, 1.0, 1.0, 1.0, 1.0, 1.0, 1.0], [1.0], [1.0]]
patIPCs : [[0.5970238095238095, 0.8029761904761905, 0.8392857142857143, 0.8529761904761904, 0.8755952380952381, 0.8142857142857143, 0.7660714285714286, 0.9, 0.7523809523809524, 0.7892857142857144, 0.9125], [0.5269740807715492], [0.8560126582278481]]
Optional results : [[7284.89, 11065.95, 17090.02], [1034.19, 1504.7, 2660.23]]
