baseAlgorithms : ['Kmeans']
repeatBPgen : 2
maxClustSize : 159
Coverage : 90
patType : pat
V : 40
clustPatDF.shape : (84, 40)
Kmin : 3
Kmax : 3
minAppar : 0
maxAppar : 2
Discriminativeness : 50
nbMaxMoreThan1 : 15
nbMaxLessThan1 : 15
nbMaxDiffThan1 : 30
idObj : 2

--- RESULTS ---

times : [0.0, 0.0, 0.36, 0.66, 27.36]
allClust : [[8, 9, 10, 11, 12, 13, 14, 15, 16, 17, 19, 20, 21, 22, 23, 24, 25, 26, 27, 28, 29, 31, 33, 34, 35, 36, 37, 38, 39, 40, 41, 42, 49, 50, 51, 52, 53, 54, 55, 56, 57, 58, 59, 60, 61, 62, 63, 64, 65, 66, 67, 68, 69, 70, 77, 84, 85, 86, 87, 88, 89, 91, 92, 97, 98, 99, 100, 101, 102, 103, 104, 105, 106, 107, 108, 109, 110, 111, 112, 113, 114, 115, 116, 117, 118, 119, 120, 121, 122, 123, 124, 125, 126, 127, 128, 129, 130, 132, 133, 134, 135, 136, 140, 141, 142, 143, 144, 145, 146, 147], [0, 1, 2, 4, 5, 6, 7, 18, 30, 43, 71, 72, 73, 74, 75, 76, 78, 79, 80, 81, 82, 83, 90, 93, 94, 95, 96, 131, 137, 138, 139, 148, 149, 150, 151, 152, 153, 154, 155, 156, 157, 158], [32, 44, 45, 46, 47, 48]]
allClustLen : [110, 42, 6]
descrNames : [[['std', 'front', 'four']], [['horsepower>88.0', 'city-mpg<=26.0', 'highway-mpg<=32.0', 'gas', 'front']], [['length>172.4', 'width>65.4', 'curb-weight>2340.0', 'engine-size>110.0', 'bore>3.27', 'horsepower>88.0', 'peak-rpm<=5200.0', 'city-mpg<=26.0', 'highway-mpg<=32.0', 'rwd', 'front']]]
descrPatIds : [[17], [16], [21]]
descrTagsIds : [['[54, 66, 77]'], ['[23, 26, 28, 53, 66]'], ['[7, 9, 13, 15, 17, 23, 24, 26, 28, 65, 66]']]
nbNotAttrib : 1
nbMultiAttrib : 0
nbOfClusterForEachInstance : [1 1 1 0 1 1 1 1 1 1 1 1 1 1 1 1 1 1 1 1 1 1 1 1 1 1 1 1 1 1 1 1 1 1 1 1 1
 1 1 1 1 1 1 1 1 1 1 1 1 1 1 1 1 1 1 1 1 1 1 1 1 1 1 1 1 1 1 1 1 1 1 1 1 1
 1 1 1 1 1 1 1 1 1 1 1 1 1 1 1 1 1 1 1 1 1 1 1 1 1 1 1 1 1 1 1 1 1 1 1 1 1
 1 1 1 1 1 1 1 1 1 1 1 1 1 1 1 1 1 1 1 1 1 1 1 1 1 1 1 1 1 1 1 1 1 1 1 1 1
 1 1 1 1 1 1 1 1 1 1 1]
---- : ----
PCRs : [(0.91, 0.0), (0.9, 0.0), (1.0, 0.0)]
DCs : [0.91, 0.9, 1.0]
IPSs : [(0.67, 0.0), (0.79, 0.0), (0.92, 0.0)]
SINGs : [(1.0, 0.0), (1.0, 0.0), (1.0, 0.0)]
IPCs : [(0.81, 0.0), (0.74, 0.0), (0.9, 0.0)]
patPCRs : [[0.9090909090909091], [0.9047619047619048], [1.0]]
patDCs : []
patIPSs : [[0.6734693877551021], [0.7948717948717949], [0.9215686274509804]]
patSINGs : [[1.0], [1.0], [1.0]]
patIPCs : [[0.8095238095238095], [0.7378787878787879], [0.9012987012987013]]
Optional results : [[8157.57, 17090.02, 30147.0], [1711.04, 2660.23, 3142.11]]
