baseAlgorithms : ['Kmeans']
repeatBPgen : 2
maxClustSize : 159
Coverage : 90
patType : pat
V : 54
clustPatDF.shape : (109, 54)
Kmin : 3
Kmax : 4
minAppar : 0
maxAppar : 2
Discriminativeness : 50
nbMaxMoreThan1 : 15
nbMaxLessThan1 : 15
nbMaxDiffThan1 : 30
idObj : 5

--- RESULTS ---

times : [0.0, 0.0, 0.31, 0.61, 9.38]
allClust : [[8, 9, 10, 11, 12, 13, 14, 15, 16, 17, 19, 20, 21, 22, 23, 24, 25, 26, 27, 28, 29, 31, 33, 34, 35, 36, 37, 38, 39, 40, 41, 42, 49, 50, 51, 52, 53, 54, 55, 56, 57, 58, 59, 60, 61, 62, 63, 64, 65, 66, 67, 68, 69, 70, 77, 84, 85, 86, 87, 88, 89, 91, 92, 97, 98, 99, 100, 101, 102, 103, 104, 105, 106, 107, 108, 109, 110, 111, 112, 113, 114, 115, 116, 117, 118, 119, 120, 121, 122, 123, 124, 125, 126, 127, 128, 129, 130, 132, 133, 134, 135, 136, 140, 141, 142, 143, 144, 145, 146, 147], [32, 44, 45, 46, 47, 48], [1, 2, 4, 5, 43, 72, 74, 75, 76, 79, 80, 81, 82, 83, 93, 94, 95, 96, 131, 137, 138, 139, 150, 151, 152, 153, 154, 155]]
allClustLen : [110, 6, 28]
descrNames : [[['std', 'front', 'four']], [['length_sup', 'width_sup', 'curb-weight_sup', 'engine-size_sup', 'bore_sup', 'horsepower_sup', 'peak-rpm_inf', 'city-mpg_inf', 'highway-mpg_inf', 'rwd', 'front']], [['curb-weight_sup', 'horsepower_sup', 'city-mpg_inf', 'highway-mpg_inf', 'gas', 'front', 'mpfi']]]
descrPatIds : [[14], [21], [20]]
descrTagsIds : [['[54, 66, 77]'], ['[7, 9, 13, 15, 17, 23, 24, 26, 28, 65, 66]'], ['[13, 23, 26, 28, 53, 66, 87]']]
nbNotAttrib : 15
nbMultiAttrib : 0
nbOfClusterForEachInstance : [0 1 1 0 1 1 0 0 1 1 1 1 1 1 1 1 1 1 0 1 1 1 1 1 1 1 1 1 1 1 0 1 1 1 1 1 1
 1 1 1 1 1 1 1 1 1 1 1 1 1 1 1 1 1 1 1 1 1 1 1 1 1 1 1 1 1 1 1 1 1 1 0 1 0
 1 1 1 1 0 1 1 1 1 1 1 1 1 1 1 1 0 1 1 1 1 1 1 1 1 1 1 1 1 1 1 1 1 1 1 1 1
 1 1 1 1 1 1 1 1 1 1 1 1 1 1 1 1 1 1 1 1 1 1 1 1 1 1 1 1 1 1 1 1 1 1 1 1 1
 0 0 1 1 1 1 1 1 0 0 0]
---- : ----
PCRs : [(0.91, 0.0), (1.0, 0.0), (0.93, 0.0)]
DCs : [0.91, 1.0, 0.93]
IPSs : [(0.67, 0.0), (0.92, 0.0), (0.82, 0.0)]
SINGs : [(1.0, 0.0), (1.0, 0.0), (1.0, 0.0)]
IPCs : [(0.8, 0.0), (0.87, 0.0), (0.78, 0.0)]
patPCRs : [[0.9090909090909091], [1.0], [0.9285714285714286]]
patDCs : []
patIPSs : [[0.6734693877551021], [0.9215686274509804], [0.816793893129771]]
patSINGs : [[1.0], [1.0], [1.0]]
patIPCs : [[0.8035714285714286], [0.8655844155844156], [0.7833333333333334]]
Optional results : [[8157.57, 30147.0, 17167.71], [1711.04, 3142.11, 1295.39]]
