baseAlgorithms : ['Kmeans']
repeatBPgen : 2
maxClustSize : 159
Coverage : 70
patType : tag
V : 40
clustPatDF.shape : (39, 40)
Kmin : 3
Kmax : 3
minAppar : 0
maxAppar : 2
Discriminativeness : 50
nbMaxMoreThan1 : 15
nbMaxLessThan1 : 15
nbMaxDiffThan1 : 30
idObj : 9

--- RESULTS ---

times : [0.0, 0.0, 0.08, 0.29, 55.26]
allClust : [[32, 44, 45, 46, 47, 48], [0, 8, 9, 10, 11, 12, 13, 14, 15, 16, 17, 18, 19, 20, 21, 22, 23, 24, 25, 26, 27, 28, 29, 30, 31, 33, 34, 35, 36, 37, 38, 39, 40, 41, 42, 49, 50, 51, 52, 53, 54, 55, 56, 57, 58, 59, 60, 61, 62, 63, 64, 65, 66, 67, 68, 69, 70, 71, 73, 77, 78, 84, 85, 86, 87, 88, 89, 91, 92, 97, 98, 99, 100, 101, 102, 103, 104, 105, 106, 107, 108, 109, 110, 111, 112, 113, 114, 115, 116, 117, 118, 119, 120, 121, 122, 123, 124, 125, 126, 127, 128, 129, 130, 132, 133, 134, 135, 136, 140, 141, 142, 143, 144, 145, 146, 147, 148, 149], [1, 2, 3, 4, 5, 6, 7, 43, 74, 75, 76, 79, 80, 81, 82, 83, 90, 93, 94, 95, 96, 131, 137, 138, 139, 150, 151, 152, 153, 154, 155, 156, 157, 158]]
allClustLen : [6, 118, 34]
descrNames : [[['peak-rpm<=5200.0'], ['mercedes-benz']], [['fwd'], ['city-mpg>26.0'], ['highway-mpg>32.0']], [['mpfi']]]
descrPatIds : [[27, 28], [3, 7, 8], [18]]
descrTagsIds : [['[24]', '[39]'], ['[64]', '[27]', '[29]'], ['[87]']]
nbNotAttrib : 1
nbMultiAttrib : 0
nbOfClusterForEachInstance : [1 1 1 1 1 1 1 1 1 1 1 1 1 1 1 1 1 1 1 1 1 1 1 1 1 1 1 1 1 1 1 1 1 1 1 1 1
 1 1 1 1 1 1 1 1 1 1 1 1 1 1 1 1 1 1 1 1 1 1 1 1 1 1 1 1 1 1 1 1 1 1 1 0 1
 1 1 1 1 1 1 1 1 1 1 1 1 1 1 1 1 1 1 1 1 1 1 1 1 1 1 1 1 1 1 1 1 1 1 1 1 1
 1 1 1 1 1 1 1 1 1 1 1 1 1 1 1 1 1 1 1 1 1 1 1 1 1 1 1 1 1 1 1 1 1 1 1 1 1
 1 1 1 1 1 1 1 1 1 1 1]
---- : ----
PCRs : [(0.92, 0.08), (0.75, 0.06), (0.91, 0.0)]
DCs : [1.0, 0.9, 0.91]
IPSs : [(0.77, 0.23), (0.9, 0.05), (0.74, 0.0)]
SINGs : [(1.0, 0.0), (1.0, 0.0), (1.0, 0.0)]
IPCs : [(0.79, 0.21), (0.95, 0.02), (0.71, 0.0)]
patPCRs : [[1.0, 0.8333333333333334], [0.8305084745762712, 0.7203389830508474, 0.7033898305084746], [0.9117647058823529]]
patDCs : []
patIPSs : [[0.542483660130719, 1.0], [0.8292682926829268, 0.926829268292683, 0.9512195121951219], [0.736]]
patSINGs : [[1.0, 1.0], [1.0, 1.0, 1.0], [1.0]]
patIPCs : [[0.5882352941176471, 1.0], [0.9117647058823529, 0.9558823529411764, 0.9705882352941176], [0.7062146892655368]]
Optional results : [[30147.0, 8506.31, 18260.15], [3142.11, 2099.77, 2260.6]]
