baseAlgorithms : ['Kmeans']
repeatBPgen : 2
maxClustSize : 159
Coverage : 60
patType : tag
V : 54
clustPatDF.shape : (47, 54)
Kmin : 3
Kmax : 4
minAppar : 0
maxAppar : 2
Discriminativeness : 50
nbMaxMoreThan1 : 15
nbMaxLessThan1 : 15
nbMaxDiffThan1 : 30
idObj : 2

--- RESULTS ---

times : [0.08, 0.0, 0.05, 0.26, 31.16]
allClust : [[8, 9, 10, 11, 12, 13, 14, 15, 16, 17, 19, 20, 21, 22, 23, 24, 25, 26, 27, 28, 29, 31, 33, 34, 35, 36, 37, 38, 39, 40, 41, 42, 49, 50, 51, 52, 53, 54, 55, 56, 57, 58, 59, 60, 61, 62, 63, 64, 65, 66, 67, 68, 69, 70, 77, 84, 85, 86, 87, 88, 89, 91, 92, 97, 98, 99, 100, 101, 102, 103, 104, 105, 106, 107, 108, 109, 110, 111, 112, 113, 114, 115, 116, 117, 118, 119, 120, 121, 122, 123, 124, 125, 126, 127, 128, 129, 130, 132, 133, 134, 135, 136, 140, 141, 142, 143, 144, 145, 146, 147], [3, 32, 44, 45, 46, 47, 48], [0, 1, 2, 4, 5, 6, 7, 18, 30, 43, 71, 72, 73, 74, 75, 76, 78, 79, 80, 81, 82, 83, 90, 93, 94, 95, 96, 131, 137, 138, 139, 148, 149, 150, 151, 152, 153, 154, 155, 156, 157, 158]]
allClustLen : [110, 7, 42]
descrNames : [[['symboling_sup'], ['wheel-base_inf'], ['length_inf'], ['width_inf'], ['curb-weight_inf'], ['engine-size_inf'], ['bore_inf'], ['horsepower_inf'], ['city-mpg_sup'], ['highway-mpg_sup'], ['fwd']], [['turbo'], ['five'], ['mercedes-benz']], [['peak-rpm_sup'], ['mpfi']]]
descrPatIds : [[0, 11, 12, 31, 1, 2, 3, 13, 14, 15, 7], [34, 35, 37], [32, 27]]
descrTagsIds : [['[1]', '[4]', '[6]', '[8]', '[12]', '[14]', '[16]', '[22]', '[27]', '[29]', '[64]'], ['[55]', '[76]', '[39]'], ['[25]', '[87]']]
nbNotAttrib : 0
nbMultiAttrib : 0
nbOfClusterForEachInstance : [1 1 1 1 1 1 1 1 1 1 1 1 1 1 1 1 1 1 1 1 1 1 1 1 1 1 1 1 1 1 1 1 1 1 1 1 1
 1 1 1 1 1 1 1 1 1 1 1 1 1 1 1 1 1 1 1 1 1 1 1 1 1 1 1 1 1 1 1 1 1 1 1 1 1
 1 1 1 1 1 1 1 1 1 1 1 1 1 1 1 1 1 1 1 1 1 1 1 1 1 1 1 1 1 1 1 1 1 1 1 1 1
 1 1 1 1 1 1 1 1 1 1 1 1 1 1 1 1 1 1 1 1 1 1 1 1 1 1 1 1 1 1 1 1 1 1 1 1 1
 1 1 1 1 1 1 1 1 1 1 1]
---- : ----
PCRs : [(0.7, 0.06), (0.71, 0.0), (0.79, 0.1)]
DCs : [0.99, 0.86, 0.88]
IPSs : [(0.88, 0.1), (0.95, 0.07), (0.65, 0.12)]
SINGs : [(1.0, 0.0), (1.0, 0.0), (1.0, 0.0)]
IPCs : [(0.91, 0.1), (0.93, 0.09), (0.68, 0.01)]
patPCRs : [[0.6363636363636364, 0.6545454545454545, 0.6909090909090909, 0.6272727272727273, 0.7090909090909091, 0.6818181818181818, 0.6454545454545455, 0.6909090909090909, 0.7636363636363637, 0.7454545454545455, 0.8454545454545455], [0.7142857142857143, 0.7142857142857143, 0.7142857142857143], [0.6904761904761905, 0.8809523809523809]]
patDCs : []
patIPSs : [[0.6326530612244898, 0.8775510204081632, 0.9387755102040817, 0.8979591836734694, 0.9795918367346939, 0.9387755102040817, 0.8571428571428572, 1.0, 0.9183673469387755, 0.9387755102040817, 0.7551020408163265], [0.8552631578947368, 0.9868421052631579, 1.0], [0.5384615384615384, 0.7692307692307692]]
patSINGs : [[1.0, 1.0, 1.0, 1.0, 1.0, 1.0, 1.0, 1.0, 1.0, 1.0, 1.0], [1.0, 1.0, 1.0], [1.0, 1.0]]
patIPCs : [[0.6666666666666667, 0.8690476190476191, 0.9642857142857143, 0.9404761904761905, 0.9880952380952381, 0.9642857142857143, 0.8571428571428572, 1.0, 0.9523809523809523, 0.9642857142857143, 0.7976190476190477], [0.8043290043290043, 0.9761904761904762, 1.0], [0.6876623376623376, 0.6766233766233767]]
Optional results : [[8157.57, 29251.0, 17090.02], [1711.04, 3644.08, 2660.23]]
