baseAlgorithms : ['Kmeans']
repeatBPgen : 2
maxClustSize : 159
Coverage : 60
patType : tag
V : 54
clustPatDF.shape : (45, 54)
Kmin : 3
Kmax : 4
minAppar : 0
maxAppar : 2
Discriminativeness : 50
nbMaxMoreThan1 : 15
nbMaxLessThan1 : 15
nbMaxDiffThan1 : 30
idObj : 2

--- RESULTS ---

times : [0.0, 0.0, 0.04, 0.25, 31.94]
allClust : [[1, 2, 3, 4, 5, 6, 7, 32, 43, 44, 45, 46, 47, 48, 72, 74, 75, 76, 79, 80, 81, 82, 83, 90, 93, 94, 95, 96, 131, 137, 138, 139, 150, 151, 152, 153, 154, 155, 156, 157, 158], [0, 18, 29, 30, 31, 40, 41, 42, 53, 57, 58, 70, 71, 73, 77, 78, 91, 92, 102, 103, 104, 106, 108, 121, 124, 125, 127, 128, 129, 130, 133, 134, 135, 136, 145, 146, 147, 148, 149], [8, 9, 10, 11, 12, 13, 14, 15, 16, 17, 19, 20, 21, 22, 23, 24, 25, 26, 27, 28, 33, 34, 35, 36, 37, 38, 39, 49, 50, 51, 52, 54, 55, 56, 59, 60, 61, 62, 63, 64, 65, 66, 67, 68, 69, 84, 85, 86, 87, 88, 89, 97, 98, 99, 100, 101, 105, 107, 109, 110, 111, 112, 113, 114, 115, 116, 117, 118, 119, 120, 122, 123, 126, 132, 140, 141, 142, 143, 144]]
allClustLen : [41, 39, 79]
descrNames : [[['rwd']], [['stroke_sup']], [['symboling_sup'], ['wheel-base_inf'], ['length_inf'], ['width_inf'], ['curb-weight_inf'], ['engine-size_inf'], ['bore_inf'], ['horsepower_inf'], ['city-mpg_sup'], ['highway-mpg_sup'], ['2bbl']]]
descrPatIds : [[29], [31], [0, 11, 12, 36, 1, 2, 3, 13, 14, 15, 38]]
descrTagsIds : [['[65]'], ['[19]'], ['[1]', '[4]', '[6]', '[8]', '[12]', '[14]', '[16]', '[22]', '[27]', '[29]', '[83]']]
nbNotAttrib : 0
nbMultiAttrib : 0
nbOfClusterForEachInstance : [1 1 1 1 1 1 1 1 1 1 1 1 1 1 1 1 1 1 1 1 1 1 1 1 1 1 1 1 1 1 1 1 1 1 1 1 1
 1 1 1 1 1 1 1 1 1 1 1 1 1 1 1 1 1 1 1 1 1 1 1 1 1 1 1 1 1 1 1 1 1 1 1 1 1
 1 1 1 1 1 1 1 1 1 1 1 1 1 1 1 1 1 1 1 1 1 1 1 1 1 1 1 1 1 1 1 1 1 1 1 1 1
 1 1 1 1 1 1 1 1 1 1 1 1 1 1 1 1 1 1 1 1 1 1 1 1 1 1 1 1 1 1 1 1 1 1 1 1 1
 1 1 1 1 1 1 1 1 1 1 1]
---- : ----
PCRs : [(0.8, 0.0), (0.67, 0.0), (0.81, 0.06)]
DCs : [0.8, 0.67, 1.0]
IPSs : [(0.89, 0.0), (0.52, 0.0), (0.81, 0.09)]
SINGs : [(1.0, 0.0), (1.0, 0.0), (1.0, 0.0)]
IPCs : [(0.85, 0.0), (0.52, 0.0), (0.81, 0.09)]
patPCRs : [[0.8048780487804879], [0.6666666666666666], [0.6962025316455697, 0.7974683544303798, 0.8354430379746836, 0.7974683544303798, 0.8860759493670886, 0.810126582278481, 0.759493670886076, 0.8607594936708861, 0.8734177215189873, 0.8734177215189873, 0.7088607594936709]]
patDCs : []
patIPSs : [[0.8898305084745762], [0.5166666666666666], [0.5875, 0.8125, 0.8375, 0.8625, 0.8875, 0.825, 0.775, 0.9, 0.7625, 0.8, 0.9125]]
patSINGs : [[1.0], [1.0], [1.0, 1.0, 1.0, 1.0, 1.0, 1.0, 1.0, 1.0, 1.0, 1.0, 1.0]]
patIPCs : [[0.8528075300227199], [0.5214572398888546], [0.5869293308317698, 0.8101938711694809, 0.8352095059412132, 0.8614759224515323, 0.8846153846153846, 0.8217636022514071, 0.7723577235772359, 0.8974358974358975, 0.7582864290181364, 0.7961225766103814, 0.9102564102564102]]
Optional results : [[19905.51, 10980.49, 7284.89], [4900.68, 1424.79, 1034.19]]
