baseAlgorithms : ['Kmeans', 'Spectral']
repeatBPgen : 1
maxClustSize : 112
Coverage : 70
patType : pat
V : 144
clustPatDF.shape : (14, 144)
Kmin : 2
Kmax : 15
minAppar : 0
maxAppar : 2
Discriminativeness : 30
nbMaxMoreThan1 : 20
nbMaxLessThan1 : 20
nbMaxDiffThan1 : 40
idObj : 9

--- RESULTS ---

times : [0.0, 0.0, 2.12, 0.15, 28.73]
allClust : [[0, 1, 2, 3, 4, 5, 6, 7, 9, 10, 11, 12, 13, 14, 15, 16, 17, 18, 19, 20, 21, 22, 23, 24, 25, 27, 29, 30, 31, 32, 33, 34, 35, 36, 37, 40, 41, 42, 43, 44, 45, 46, 47, 48, 49, 50, 51, 52, 53, 54, 55, 56, 57, 59, 60, 62, 63, 64, 65, 66, 68, 69, 70, 71, 72, 74, 75, 77, 78, 79, 80, 81, 82, 83, 84, 85, 86, 87, 88, 89, 90, 91, 92, 93, 94, 95, 96, 97, 98, 99, 100, 101, 102, 103, 104, 105, 106, 107, 108, 109, 110, 111], [28]]
allClustLen : [102, 1]
descrNames : [[['InstDepth<=3.0', 'NbReturns<=1.0', 'NbTokens<=75.0', 'NbLines<=10.0', 'NbVars<=2.0', 'NbParams<=1.0', 'HasLoop', 'HasForLoop']], [['userdId_40', 'HasIfElse', 'InstDepth<=3.0', 'NbReturns>1.0', 'NbTokens>75.0', 'NbLines>10.0', 'NbVars>2.0', 'NbParams<=1.0', 'HasLoop', 'HasForLoop']]]
descrPatIds : [[0], [9]]
descrTagsIds : [['[37, 43, 48, 24, 26, 28, 30, 31]'], ['[1, 33, 34, 37, 44, 49, 25, 27, 28, 30, 31]']]
nbNotAttrib : 9
nbMultiAttrib : 0
nbOfClusterForEachInstance : [1 1 1 1 1 1 1 1 0 1 1 1 1 1 1 1 1 1 1 1 1 1 1 1 1 1 0 1 1 1 1 1 1 1 1 1 1
 1 0 0 1 1 1 1 1 1 1 1 1 1 1 1 1 1 1 1 1 1 0 1 1 0 1 1 1 1 1 0 1 1 1 1 1 0
 1 1 0 1 1 1 1 1 1 1 1 1 1 1 1 1 1 1 1 1 1 1 1 1 1 1 1 1 1 1 1 1 1 1 1 1 1
 1]
---- : ----
PCRs : [(0.85, 0.0), (1.0, 0.0)]
DCs : [0.85, 1.0]
IPSs : [(0.9, 0.0), (0.99, 0.0)]
SINGs : [(0.0, 0.0), (1.0, 0.0)]
IPCs : [(1.0, 0.0), (1.0, 0.0)]
patPCRs : [[0.8529411764705882], [1.0]]
patDCs : []
patIPSs : [[0.9], [0.990990990990991]]
patSINGs : [[0.0], [1.0]]
patIPCs : [[1.0], [1.0]]
Optional results : []
