baseAlgorithms : ['Kmeans', 'Spectral']
repeatBPgen : 1
maxClustSize : 112
Coverage : 30
patType : tag
V : 208
clustPatDF.shape : (26, 208)
Kmin : 2
Kmax : 15
minAppar : 0
maxAppar : 2
Discriminativeness : 10
nbMaxMoreThan1 : 20
nbMaxLessThan1 : 20
nbMaxDiffThan1 : 40
idObj : 9

--- RESULTS ---

times : [0.0, 0.0, 0.05, 0.32, 543.07]
allClust : [[0, 1, 2, 3, 4, 5, 6, 7, 9, 10, 11, 12, 13, 14, 15, 16, 17, 18, 19, 20, 21, 22, 23, 24, 25, 27, 29, 30, 31, 32, 33, 34, 35, 36, 37, 40, 41, 42, 43, 44, 45, 46, 47, 48, 49, 50, 51, 52, 53, 54, 55, 56, 57, 59, 60, 62, 63, 64, 65, 66, 68, 69, 70, 71, 72, 74, 75, 77, 78, 79, 80, 81, 82, 83, 84, 85, 86, 87, 88, 89, 90, 91, 92, 93, 94, 95, 96, 97, 98, 99, 100, 101, 102, 103, 104, 105, 106, 107, 108, 109, 110, 111], [8, 26, 28, 38, 39, 58, 61, 67, 73, 76]]
allClustLen : [102, 10]
descrNames : [[['NbTokens<=75.0']], [['userdId_40']]]
descrPatIds : [[13], [0, 9]]
descrTagsIds : [['[48]'], ['[1]', '[25]']]
nbNotAttrib : 0
nbMultiAttrib : 0
nbOfClusterForEachInstance : [1 1 1 1 1 1 1 1 1 1 1 1 1 1 1 1 1 1 1 1 1 1 1 1 1 1 1 1 1 1 1 1 1 1 1 1 1
 1 1 1 1 1 1 1 1 1 1 1 1 1 1 1 1 1 1 1 1 1 1 1 1 1 1 1 1 1 1 1 1 1 1 1 1 1
 1 1 1 1 1 1 1 1 1 1 1 1 1 1 1 1 1 1 1 1 1 1 1 1 1 1 1 1 1 1 1 1 1 1 1 1 1
 1]
---- : ----
PCRs : [(0.97, 0.0), (0.85, 0.15)]
DCs : [0.97, 1.0]
IPSs : [(0.9, 0.0), (0.97, 0.03)]
SINGs : [(1.0, 0.0), (1.0, 0.0)]
IPCs : [(0.9, 0.0), (0.97, 0.03)]
patPCRs : [[0.9705882352941176], [1.0, 0.7]]
patDCs : []
patIPSs : [[0.9], [0.9411764705882353, 1.0]]
patSINGs : [[1.0], [1.0, 1.0]]
patIPCs : [[0.9], [0.9411764705882353, 1.0]]
Optional results : []
