baseAlgorithms : ['Kmeans', 'Spectral']
repeatBPgen : 1
maxClustSize : 125
Coverage : 50
patType : tag
V : 208
clustPatDF.shape : (31, 208)
Kmin : 2
Kmax : 15
minAppar : 0
maxAppar : 2
Discriminativeness : 30
nbMaxMoreThan1 : 20
nbMaxLessThan1 : 20
nbMaxDiffThan1 : 40
idObj : 9

--- RESULTS ---

times : [0.0, 0.0, 0.05, 0.43, 496.87]
allClust : [[5, 10, 24, 76, 77, 91, 97, 111], [13, 21, 27, 30, 38, 52, 86, 87, 95, 106, 107, 114, 124], [17, 18, 20, 39, 45, 64, 81, 83, 89, 92, 110], [2, 19, 26, 33, 40, 59, 61, 62, 63, 67, 70, 72, 73, 75, 85, 88, 93, 117, 119, 122], [36, 54, 58, 78, 82, 104], [3, 15, 28, 31, 32, 34, 65, 68, 71, 108, 109, 116], [1, 8, 29, 48, 53, 57, 69, 96, 101, 115], [7, 9, 12, 14, 35, 43, 47, 49, 50, 66, 74, 84, 105, 113], [0, 11, 22, 37, 44, 51, 56, 90, 94, 98, 100, 103, 112], [46, 118, 120], [42, 55, 80, 102, 121]]
allClustLen : [8, 13, 11, 20, 6, 12, 10, 14, 13, 3, 5]
descrNames : [[['userdId_50']], [['userdId_13']], [['userdId_12']], [['HasComment']], [['userdId_19']], [['userdId_21']], [['userdId_4']], [['PassedTestCases']], [['userdId_36']], [['userdId_27']], [['userdId_18']]]
descrPatIds : [[20], [17], [24], [12], [18], [19], [22], [26], [29], [21], [16]]
descrTagsIds : [['[11]'], ['[8]'], ['[5]'], ['[48]'], ['[17]'], ['[4]'], ['[2]'], ['[52]'], ['[1]'], ['[20]'], ['[19]']]
nbNotAttrib : 10
nbMultiAttrib : 0
nbOfClusterForEachInstance : [1 1 1 1 0 1 0 1 1 1 1 1 1 1 1 1 0 1 1 1 1 1 1 0 1 0 1 1 1 1 1 1 1 1 1 1 1
 1 1 1 1 0 1 1 1 1 1 1 1 1 1 1 1 1 1 1 1 1 1 1 0 1 1 1 1 1 1 1 1 1 1 1 1 1
 1 1 1 1 1 0 1 1 1 1 1 1 1 1 1 1 1 1 1 1 1 1 1 1 1 0 1 1 1 1 1 1 1 1 1 1 1
 1 1 1 1 1 1 1 1 1 1 1 1 0 1]
---- : ----
PCRs : [(0.62, 0.0), (0.62, 0.0), (0.82, 0.0), (1.0, 0.0), (1.0, 0.0), (0.58, 0.0), (0.9, 0.0), (0.57, 0.0), (0.54, 0.0), (1.0, 0.0), (1.0, 0.0)]
DCs : [0.62, 0.62, 0.82, 1.0, 1.0, 0.58, 0.9, 0.57, 0.54, 1.0, 1.0]
IPSs : [(1.0, 0.0), (0.97, 0.0), (0.98, 0.0), (1.0, 0.0), (0.98, 0.0), (0.98, 0.0), (1.0, 0.0), (0.82, 0.0), (0.98, 0.0), (0.98, 0.0), (1.0, 0.0)]
SINGs : [(1.0, 0.0), (1.0, 0.0), (1.0, 0.0), (1.0, 0.0), (1.0, 0.0), (1.0, 0.0), (1.0, 0.0), (1.0, 0.0), (1.0, 0.0), (1.0, 0.0), (1.0, 0.0)]
IPCs : [(1.0, 0.0), (0.98, 0.0), (1.0, 0.0), (1.0, 0.0), (1.0, 0.0), (0.99, 0.0), (1.0, 0.0), (0.83, 0.0), (0.98, 0.0), (0.98, 0.0), (1.0, 0.0)]
patPCRs : [[0.625], [0.6153846153846154], [0.8181818181818182], [1.0], [1.0], [0.5833333333333334], [0.9], [0.5714285714285714], [0.5384615384615384], [1.0], [1.0]]
patDCs : []
patIPSs : [[1.0], [0.9732142857142857], [0.9824561403508771], [1.0], [0.9831932773109243], [0.9823008849557522], [1.0], [0.8198198198198199], [0.9821428571428571], [0.9836065573770492], [1.0]]
patSINGs : [[1.0], [1.0], [1.0], [1.0], [1.0], [1.0], [1.0], [1.0], [1.0], [1.0], [1.0]]
patIPCs : [[1.0], [0.9761904761904763], [1.0], [1.0], [1.0], [0.9923076923076923], [1.0], [0.8316899766899768], [0.9833333333333332], [0.9798076923076924], [1.0]]
Optional results : []
