baseAlgorithms : ['Kmeans']
repeatBPgen : 1
maxClustSize : 125
Coverage : 70
patType : tag
V : 104
clustPatDF.shape : (26, 104)
Kmin : 2
Kmax : 15
minAppar : 0
maxAppar : 2
Discriminativeness : 50
nbMaxMoreThan1 : 250
nbMaxLessThan1 : 250
nbMaxDiffThan1 : 500
idObj : 9

--- RESULTS ---

times : [0.0, 0.0, 0.02, 0.13, 105.83]
allClust : [[6, 9, 12, 14, 16, 19, 26, 33, 35, 43, 47, 49, 50, 59, 61, 62, 63, 66, 67, 72, 73, 74, 75, 84, 88, 93, 105, 113, 117, 119], [5, 10, 24, 76, 77, 97, 111], [29, 69, 101, 115], [4, 23, 25, 41, 54, 58, 60, 123], [36, 78, 82, 104], [17, 18, 20, 39, 45, 64, 81, 83, 89, 92, 110], [3, 7, 28, 31, 34, 68, 71, 108, 116], [70, 85, 99]]
allClustLen : [30, 7, 4, 8, 4, 11, 9, 3]
descrNames : [[['NbTokens>75.0']], [['userdId_50']], [['userdId_4']], [['NbLines<=10.0']], [['userdId_19']], [['userdId_12']], [['userdId_21']], [['userdId_6']]]
descrPatIds : [[9], [16], [17], [19], [12], [22], [20], [24]]
descrTagsIds : [['[51]'], ['[11]'], ['[2]'], ['[26]'], ['[17]'], ['[5]'], ['[4]'], ['[23]']]
nbNotAttrib : 49
nbMultiAttrib : 0
nbOfClusterForEachInstance : [0 0 0 1 1 1 1 1 0 1 1 0 1 0 1 0 1 1 1 1 1 0 0 1 1 1 1 0 1 1 0 1 0 1 1 1 1
 0 0 1 0 1 0 1 0 1 0 1 0 1 1 0 0 0 1 0 0 0 1 1 1 1 1 1 1 0 1 1 1 1 1 1 1 1
 1 1 1 1 1 0 0 1 1 1 1 1 0 0 1 1 0 0 1 1 0 0 0 1 0 1 0 1 0 0 1 1 0 0 1 0 1
 1 0 1 0 1 1 1 0 1 0 0 0 1 0]
---- : ----
PCRs : [(0.93, 0.0), (0.71, 0.0), (1.0, 0.0), (0.75, 0.0), (1.0, 0.0), (0.82, 0.0), (0.78, 0.0), (1.0, 0.0)]
DCs : [0.93, 0.71, 1.0, 0.75, 1.0, 0.82, 0.78, 1.0]
IPSs : [(0.63, 0.0), (1.0, 0.0), (0.96, 0.0), (0.97, 0.0), (0.97, 0.0), (0.98, 0.0), (0.98, 0.0), (1.0, 0.0)]
SINGs : [(0.86, 0.0), (1.0, 0.0), (1.0, 0.0), (0.86, 0.0), (1.0, 0.0), (1.0, 0.0), (1.0, 0.0), (1.0, 0.0)]
IPCs : [(0.85, 0.0), (1.0, 0.0), (1.0, 0.0), (0.9, 0.0), (0.93, 0.0), (0.96, 0.0), (1.0, 0.0), (1.0, 0.0)]
patPCRs : [[0.9333333333333333], [0.7142857142857143], [1.0], [0.75], [1.0], [0.8181818181818182], [0.7777777777777778], [1.0]]
patDCs : []
patIPSs : [[0.631578947368421], [1.0], [0.9586776859504132], [0.9658119658119658], [0.9669421487603306], [0.9824561403508771], [0.9827586206896551], [1.0]]
patSINGs : [[0.8571428571428572], [1.0], [1.0], [0.8571428571428572], [1.0], [1.0], [1.0], [1.0]]
patIPCs : [[0.8459080601937744], [1.0], [1.0], [0.8968253968253969], [0.9285714285714286], [0.9642857142857143], [1.0], [1.0]]
Optional results : []
