baseAlgorithms : ['Kmeans', 'Spectral']
repeatBPgen : 1
maxClustSize : 125
Coverage : 50
patType : tag
V : 208
clustPatDF.shape : (31, 208)
Kmin : 2
Kmax : 15
minAppar : 0
maxAppar : 2
Discriminativeness : 30
nbMaxMoreThan1 : 20
nbMaxLessThan1 : 20
nbMaxDiffThan1 : 40
idObj : 9

--- RESULTS ---

times : [0.0, 0.0, 0.05, 0.43, 453.42]
allClust : [[46, 118, 120], [17, 18, 20, 39, 45, 64, 81, 83, 89, 92, 110], [3, 7, 28, 31, 34, 68, 71, 108, 116], [21, 27, 30, 52, 95, 106, 107, 124], [2, 19, 26, 33, 40, 59, 61, 62, 63, 67, 70, 72, 73, 75, 85, 88, 93, 117, 119, 122], [36, 54, 58, 78, 82, 104], [9, 12, 14, 35, 43, 47, 49, 50, 66, 74, 84, 105, 113], [1, 8, 29, 32, 48, 53, 57, 69, 96, 101, 115], [0, 11, 22, 37, 44, 51, 56, 90, 94, 98, 100, 103, 112], [5, 10, 15, 24, 76, 77, 97, 109, 111], [42, 55, 80, 102, 121]]
allClustLen : [3, 11, 9, 8, 20, 6, 13, 11, 13, 9, 5]
descrNames : [[['userdId_27']], [['userdId_12']], [['userdId_21']], [['userdId_13']], [['HasComment']], [['userdId_19']], [['PassedTestCases']], [['userdId_4']], [['userdId_36']], [['userdId_50']], [['userdId_18']]]
descrPatIds : [[21], [24], [19], [17], [12], [18], [26], [22, 23], [29], [20], [16]]
descrTagsIds : [['[20]'], ['[5]'], ['[4]'], ['[8]'], ['[48]'], ['[17]'], ['[52]'], ['[2]', '[42]'], ['[1]'], ['[11]'], ['[19]']]
nbNotAttrib : 17
nbMultiAttrib : 0
nbOfClusterForEachInstance : [1 1 1 1 0 1 0 1 1 1 1 1 1 0 1 1 0 1 1 1 1 1 1 0 1 0 1 1 1 1 1 1 1 1 1 1 1
 1 0 1 1 0 1 1 1 1 1 1 1 1 1 1 1 1 1 1 1 1 1 1 0 1 1 1 1 0 1 1 1 1 1 1 1 1
 1 1 1 1 1 0 1 1 1 1 1 1 0 0 1 1 1 0 1 1 1 1 1 1 1 0 1 1 1 1 1 1 1 1 1 1 1
 1 1 1 0 1 1 1 1 1 1 1 1 0 1]
---- : ----
PCRs : [(1.0, 0.0), (0.82, 0.0), (0.78, 0.0), (1.0, 0.0), (1.0, 0.0), (1.0, 0.0), (0.54, 0.0), (0.86, 0.05), (0.54, 0.0), (0.56, 0.0), (1.0, 0.0)]
DCs : [1.0, 0.82, 0.78, 1.0, 1.0, 1.0, 0.54, 0.91, 0.54, 0.56, 1.0]
IPSs : [(0.98, 0.0), (0.98, 0.0), (0.98, 0.0), (0.97, 0.0), (1.0, 0.0), (0.98, 0.0), (0.81, 0.0), (0.99, 0.01), (0.98, 0.0), (1.0, 0.0), (1.0, 0.0)]
SINGs : [(1.0, 0.0), (1.0, 0.0), (1.0, 0.0), (1.0, 0.0), (1.0, 0.0), (1.0, 0.0), (1.0, 0.0), (1.0, 0.0), (1.0, 0.0), (1.0, 0.0), (1.0, 0.0)]
IPCs : [(0.99, 0.0), (1.0, 0.0), (0.99, 0.0), (0.98, 0.0), (1.0, 0.0), (1.0, 0.0), (0.85, 0.0), (0.99, 0.01), (0.98, 0.0), (1.0, 0.0), (1.0, 0.0)]
patPCRs : [[1.0], [0.8181818181818182], [0.7777777777777778], [1.0], [1.0], [1.0], [0.5384615384615384], [0.8181818181818182, 0.9090909090909091], [0.5384615384615384], [0.5555555555555556], [1.0]]
patDCs : []
patIPSs : [[0.9836065573770492], [0.9824561403508771], [0.9827586206896551], [0.9743589743589743], [1.0], [0.9831932773109243], [0.8125], [1.0, 0.9824561403508771], [0.9821428571428571], [1.0], [1.0]]
patSINGs : [[1.0], [1.0], [1.0], [1.0], [1.0], [1.0], [1.0], [1.0, 1.0], [1.0], [1.0], [1.0]]
patIPCs : [[0.9923076923076923], [1.0], [0.9923076923076923], [0.9777777777777779], [1.0], [1.0], [0.8516705516705517], [1.0, 0.9846153846153847], [0.9777777777777779], [1.0], [1.0]]
Optional results : []
