baseAlgorithms : ['Kmeans', 'Spectral']
repeatBPgen : 1
maxClustSize : 112
Coverage : 70
patType : tag
V : 208
clustPatDF.shape : (24, 208)
Kmin : 2
Kmax : 15
minAppar : 0
maxAppar : 2
Discriminativeness : 50
nbMaxMoreThan1 : 20
nbMaxLessThan1 : 20
nbMaxDiffThan1 : 40
idObj : 9

--- RESULTS ---

times : [0.0, 0.0, 0.04, 0.31, 448.94]
allClust : [[8, 26, 28, 38, 39, 58, 61, 67, 73, 76], [0, 1, 2, 3, 4, 5, 6, 7, 9, 10, 11, 12, 13, 14, 15, 16, 17, 18, 19, 20, 21, 22, 23, 24, 25, 27, 29, 30, 31, 32, 33, 34, 35, 36, 37, 40, 41, 42, 43, 44, 45, 46, 47, 48, 49, 50, 51, 52, 53, 54, 55, 56, 57, 59, 60, 62, 63, 64, 65, 66, 68, 69, 70, 71, 72, 74, 75, 77, 78, 79, 80, 81, 82, 83, 84, 85, 86, 87, 88, 89, 90, 91, 92, 93, 94, 95, 96, 97, 98, 99, 100, 101, 102, 103, 104, 105, 106, 107, 108, 109, 110, 111]]
allClustLen : [10, 102]
descrNames : [[['userdId_40']], [['NbLines<=10.0']]]
descrPatIds : [[0], [9, 10, 11]]
descrTagsIds : [['[1]'], ['[24]', '[26]', '[48]']]
nbNotAttrib : 0
nbMultiAttrib : 0
nbOfClusterForEachInstance : [1 1 1 1 1 1 1 1 1 1 1 1 1 1 1 1 1 1 1 1 1 1 1 1 1 1 1 1 1 1 1 1 1 1 1 1 1
 1 1 1 1 1 1 1 1 1 1 1 1 1 1 1 1 1 1 1 1 1 1 1 1 1 1 1 1 1 1 1 1 1 1 1 1 1
 1 1 1 1 1 1 1 1 1 1 1 1 1 1 1 1 1 1 1 1 1 1 1 1 1 1 1 1 1 1 1 1 1 1 1 1 1
 1]
---- : ----
PCRs : [(1.0, 0.0), (0.95, 0.05)]
DCs : [1.0, 1.0]
IPSs : [(0.94, 0.0), (0.77, 0.09)]
SINGs : [(1.0, 0.0), (1.0, 0.0)]
IPCs : [(0.94, 0.0), (0.77, 0.09)]
patPCRs : [[1.0], [1.0, 0.8921568627450981, 0.9705882352941176]]
patDCs : []
patIPSs : [[0.9411764705882353], [0.7, 0.7, 0.9]]
patSINGs : [[1.0], [1.0, 1.0, 1.0]]
patIPCs : [[0.9411764705882353], [0.7, 0.7, 0.9]]
Optional results : []
