baseAlgorithms : ['Kmeans', 'Spectral']
repeatBPgen : 1
maxClustSize : 125
Coverage : 50
patType : tag
V : 208
clustPatDF.shape : (31, 208)
Kmin : 2
Kmax : 15
minAppar : 0
maxAppar : 2
Discriminativeness : 30
nbMaxMoreThan1 : 20
nbMaxLessThan1 : 20
nbMaxDiffThan1 : 40
idObj : 9

--- RESULTS ---

times : [0.0, 0.0, 0.05, 0.43, 479.73]
allClust : [[42, 55, 80, 102, 121], [5, 10, 24, 76, 77, 91, 97, 111], [46, 118, 120], [13, 21, 27, 30, 38, 52, 86, 87, 95, 106, 107, 114, 124], [17, 18, 20, 39, 45, 64, 81, 83, 89, 92, 110], [4, 23, 25, 41, 54, 58, 60, 123], [2, 19, 26, 33, 40, 59, 61, 62, 63, 67, 70, 72, 73, 75, 85, 88, 93, 117, 119, 122], [1, 8, 29, 32, 48, 53, 57, 69, 96, 101, 115], [3, 15, 28, 31, 32, 34, 65, 68, 71, 108, 109, 116], [7, 9, 12, 14, 35, 43, 47, 49, 50, 66, 74, 84, 105, 113], [0, 11, 22, 37, 44, 51, 56, 90, 94, 98, 100, 103, 112]]
allClustLen : [5, 8, 3, 13, 11, 8, 20, 11, 12, 14, 13]
descrNames : [[['userdId_18']], [['userdId_50']], [['userdId_27']], [['userdId_13']], [['userdId_12']], [['NbLines<=10.0']], [['HasComment']], [['userdId_4']], [['userdId_21']], [['PassedTestCases']], [['userdId_36']]]
descrPatIds : [[16], [20], [21], [17], [24], [13], [12], [22], [19], [26], [29]]
descrTagsIds : [['[19]'], ['[11]'], ['[20]'], ['[8]'], ['[5]'], ['[26]'], ['[48]'], ['[2]'], ['[4]'], ['[52]'], ['[1]']]
nbNotAttrib : 8
nbMultiAttrib : 1
nbOfClusterForEachInstance : [1 1 1 1 1 1 0 1 1 1 1 1 1 1 1 1 0 1 1 1 1 1 1 1 1 1 1 1 1 1 1 1 2 1 1 1 0
 1 1 1 1 1 1 1 1 1 1 1 1 1 1 1 1 1 1 1 1 1 1 1 1 1 1 1 1 1 1 1 1 1 1 1 1 1
 1 1 1 1 0 0 1 1 0 1 1 1 1 1 1 1 1 1 1 1 1 1 1 1 1 0 1 1 1 1 0 1 1 1 1 1 1
 1 1 1 1 1 1 1 1 1 1 1 1 1 1]
---- : ----
PCRs : [(1.0, 0.0), (0.62, 0.0), (1.0, 0.0), (0.62, 0.0), (0.82, 0.0), (0.75, 0.0), (1.0, 0.0), (0.82, 0.0), (0.58, 0.0), (0.57, 0.0), (0.54, 0.0)]
DCs : [1.0, 0.62, 1.0, 0.62, 0.82, 0.75, 1.0, 0.82, 0.58, 0.57, 0.54]
IPSs : [(1.0, 0.0), (1.0, 0.0), (0.98, 0.0), (0.97, 0.0), (0.98, 0.0), (0.97, 0.0), (1.0, 0.0), (1.0, 0.0), (0.98, 0.0), (0.82, 0.0), (0.98, 0.0)]
SINGs : [(1.0, 0.0), (1.0, 0.0), (1.0, 0.0), (1.0, 0.0), (1.0, 0.0), (1.0, 0.0), (1.0, 0.0), (1.0, 0.0), (1.0, 0.0), (1.0, 0.0), (1.0, 0.0)]
IPCs : [(1.0, 0.0), (1.0, 0.0), (0.98, 0.0), (0.98, 0.0), (0.98, 0.0), (0.98, 0.0), (1.0, 0.0), (1.0, 0.0), (0.99, 0.0), (0.85, 0.0), (0.98, 0.0)]
patPCRs : [[1.0], [0.625], [1.0], [0.6153846153846154], [0.8181818181818182], [0.75], [1.0], [0.8181818181818182], [0.5833333333333334], [0.5714285714285714], [0.5384615384615384]]
patDCs : []
patIPSs : [[1.0], [1.0], [0.9836065573770492], [0.9732142857142857], [0.9824561403508771], [0.9658119658119658], [1.0], [1.0], [0.9823008849557522], [0.8198198198198199], [0.9821428571428571]]
patSINGs : [[1.0], [1.0], [1.0], [1.0], [1.0], [1.0], [1.0], [1.0], [1.0], [1.0], [1.0]]
patIPCs : [[1.0], [1.0], [0.9798076923076924], [0.976190476190476], [0.975], [0.9833333333333332], [1.0], [1.0], [0.9923076923076923], [0.8501748251748251], [0.9833333333333334]]
Optional results : []
