baseAlgorithms : ['Kmeans']
repeatBPgen : 1
maxClustSize : 125
Coverage : 70
patType : tag
V : 104
clustPatDF.shape : (26, 104)
Kmin : 2
Kmax : 15
minAppar : 0
maxAppar : 2
Discriminativeness : 40
nbMaxMoreThan1 : 250
nbMaxLessThan1 : 250
nbMaxDiffThan1 : 500
idObj : 9

--- RESULTS ---

times : [0.0, 0.0, 0.02, 0.13, 108.3]
allClust : [[36, 54, 58, 78, 82, 104], [19, 26, 33, 49, 59, 61, 62, 63, 67, 72, 73, 75, 88, 93, 105, 117, 119], [5, 10, 24, 76, 77, 97, 111], [42, 55, 80, 102, 121], [17, 18, 20, 39, 45, 64, 81, 83, 89, 92, 110], [3, 7, 28, 31, 34, 68, 71, 108, 116], [46, 118, 120], [1, 8, 29, 48, 53, 57, 69, 79, 96, 101, 115]]
allClustLen : [6, 17, 7, 5, 11, 9, 3, 11]
descrNames : [[['NbVars<=2.0']], [['HasComment']], [['userdId_50']], [['userdId_18']], [['userdId_12']], [['userdId_21']], [['userdId_27']], [['HasNestedIfs']]]
descrPatIds : [[13], [11], [16], [15], [22], [20], [23], [18]]
descrTagsIds : [['[28]'], ['[48]'], ['[11]'], ['[19]'], ['[5]'], ['[4]'], ['[20]'], ['[42]']]
nbNotAttrib : 56
nbMultiAttrib : 0
nbOfClusterForEachInstance : [0 1 0 1 0 1 0 1 1 0 1 0 0 0 0 0 0 1 1 1 1 0 0 0 1 0 1 0 1 1 0 1 0 1 1 0 1
 0 0 1 0 0 1 0 0 1 1 0 1 1 0 0 0 1 1 1 0 1 1 1 0 1 1 1 1 0 0 1 1 1 0 1 1 1
 0 1 1 1 1 1 1 1 1 1 0 0 0 0 1 1 0 0 1 1 0 0 1 1 0 0 0 1 1 0 1 1 0 0 1 0 1
 1 0 0 0 1 1 1 1 1 1 1 0 0 0]
---- : ----
PCRs : [(1.0, 0.0), (0.88, 0.0), (0.71, 0.0), (1.0, 0.0), (0.82, 0.0), (0.78, 0.0), (1.0, 0.0), (0.82, 0.0)]
DCs : [1.0, 0.88, 0.71, 1.0, 0.82, 0.78, 1.0, 0.82]
IPSs : [(0.95, 0.0), (0.95, 0.0), (1.0, 0.0), (1.0, 0.0), (0.98, 0.0), (0.98, 0.0), (0.98, 0.0), (0.97, 0.0)]
SINGs : [(1.0, 0.0), (1.0, 0.0), (1.0, 0.0), (1.0, 0.0), (1.0, 0.0), (1.0, 0.0), (1.0, 0.0), (1.0, 0.0)]
IPCs : [(1.0, 0.0), (1.0, 0.0), (1.0, 0.0), (1.0, 0.0), (1.0, 0.0), (0.99, 0.0), (1.0, 0.0), (1.0, 0.0)]
patPCRs : [[1.0], [0.8823529411764706], [0.7142857142857143], [1.0], [0.8181818181818182], [0.7777777777777778], [1.0], [0.8181818181818182]]
patDCs : []
patIPSs : [[0.9495798319327731], [0.9537037037037037], [1.0], [1.0], [0.9824561403508771], [0.9827586206896551], [0.9836065573770492], [0.9736842105263158]]
patSINGs : [[1.0], [1.0], [1.0], [1.0], [1.0], [1.0], [1.0], [1.0]]
patIPCs : [[1.0], [1.0], [1.0], [1.0], [1.0], [0.987012987012987], [1.0], [1.0]]
Optional results : []
