baseAlgorithms : ['Kmeans']
repeatBPgen : 1
maxClustSize : 125
Coverage : 50
patType : tag
V : 104
clustPatDF.shape : (28, 104)
Kmin : 2
Kmax : 15
minAppar : 0
maxAppar : 2
Discriminativeness : 40
nbMaxMoreThan1 : 250
nbMaxLessThan1 : 250
nbMaxDiffThan1 : 500
idObj : 9

--- RESULTS ---

times : [0.0, 0.0, 0.02, 0.13, 122.3]
allClust : [[4, 17, 18, 20, 23, 25, 39, 41, 45, 60, 64, 81, 83, 92, 110, 123], [36, 54, 58, 78, 82, 104], [19, 26, 33, 49, 59, 61, 62, 63, 67, 72, 73, 75, 88, 93, 105, 117, 119], [32, 42, 55, 80, 102, 121], [5, 10, 24, 76, 77, 97, 111], [13, 21, 27, 30, 38, 52, 86, 87, 95, 106, 107, 114, 124], [0, 2, 22, 37, 40, 51, 56, 90, 94, 98, 103, 122], [46, 118, 120], [3, 7, 28, 31, 34, 65, 68, 71, 108, 116], [1, 8, 29, 48, 53, 57, 69, 79, 96, 101, 115]]
allClustLen : [16, 6, 17, 6, 7, 13, 12, 3, 10, 11]
descrNames : [[['userdId_12']], [['userdId_19']], [['HasComment']], [['userdId_18']], [['userdId_50']], [['userdId_13']], [['userdId_36']], [['userdId_27']], [['userdId_21']], [['userdId_4']]]
descrPatIds : [[16], [19], [18], [22], [23], [12], [24], [25], [11], [13]]
descrTagsIds : [['[5]'], ['[17]'], ['[48]'], ['[19]'], ['[11]'], ['[8]'], ['[1]'], ['[20]'], ['[4]'], ['[2]']]
nbNotAttrib : 24
nbMultiAttrib : 0
nbOfClusterForEachInstance : [1 1 1 1 1 1 0 1 1 0 1 0 0 1 0 0 0 1 1 1 1 1 1 1 1 1 1 1 1 1 1 1 1 1 1 0 1
 1 1 1 1 1 1 0 0 1 1 0 1 1 0 1 1 1 1 1 1 1 1 1 1 1 1 1 1 1 0 1 1 1 0 1 1 1
 0 1 1 1 1 1 1 1 1 1 0 0 1 1 1 0 1 0 1 1 1 1 1 1 1 0 0 1 1 1 1 1 1 1 1 0 1
 1 0 0 1 1 1 1 1 1 1 1 1 1 1]
---- : ----
PCRs : [(0.62, 0.0), (1.0, 0.0), (0.88, 0.0), (0.83, 0.0), (0.71, 0.0), (0.62, 0.0), (0.58, 0.0), (1.0, 0.0), (0.7, 0.0), (0.82, 0.0)]
DCs : [0.62, 1.0, 0.88, 0.83, 0.71, 0.62, 0.58, 1.0, 0.7, 0.82]
IPSs : [(0.99, 0.0), (0.98, 0.0), (0.95, 0.0), (1.0, 0.0), (1.0, 0.0), (0.97, 0.0), (0.98, 0.0), (0.98, 0.0), (0.98, 0.0), (1.0, 0.0)]
SINGs : [(1.0, 0.0), (1.0, 0.0), (1.0, 0.0), (1.0, 0.0), (1.0, 0.0), (1.0, 0.0), (1.0, 0.0), (1.0, 0.0), (1.0, 0.0), (1.0, 0.0)]
IPCs : [(1.0, 0.0), (0.99, 0.0), (0.97, 0.0), (1.0, 0.0), (1.0, 0.0), (0.97, 0.0), (1.0, 0.0), (1.0, 0.0), (0.99, 0.0), (1.0, 0.0)]
patPCRs : [[0.625], [1.0], [0.8823529411764706], [0.8333333333333334], [0.7142857142857143], [0.6153846153846154], [0.5833333333333334], [1.0], [0.7], [0.8181818181818182]]
patDCs : []
patIPSs : [[0.9908256880733946], [0.9831932773109243], [0.9537037037037037], [1.0], [1.0], [0.9732142857142857], [0.9823008849557522], [0.9836065573770492], [0.9826086956521739], [1.0]]
patSINGs : [[1.0], [1.0], [1.0], [1.0], [1.0], [1.0], [1.0], [1.0], [1.0], [1.0]]
patIPCs : [[1.0], [0.9861111111111112], [0.9722222222222222], [1.0], [1.0], [0.9666666666666666], [1.0], [1.0], [0.9898989898989898], [1.0]]
Optional results : []
