baseAlgorithms : ['Kmeans']
repeatBPgen : 1
maxClustSize : 139
Coverage : 70
patType : pat
V : 77
clustPatDF.shape : (14, 77)
Kmin : 3
Kmax : 15
minAppar : 0
maxAppar : 2
Discriminativeness : 50
nbMaxMoreThan1 : 20
nbMaxLessThan1 : 20
nbMaxDiffThan1 : 40
idObj : 9

--- RESULTS ---

times : [0.0, 0.0, 0.74, 0.07, 8.57]
allClust : [[1, 4, 14, 18, 20, 24, 30, 41, 49, 53, 55, 56, 62, 65, 67, 71, 72, 74, 76, 77, 78, 85, 97, 102, 104, 105, 108, 116, 125, 132, 134, 135, 137, 138], [0, 7, 11, 12, 15, 19, 23, 28, 29, 33, 34, 36, 38, 43, 44, 45, 50, 52, 66, 68, 82, 83, 84, 89, 95, 96, 98, 100, 103, 106, 107, 110, 111, 112, 114, 120, 122, 126, 127, 131], [2, 6, 8, 10, 21, 22, 26, 27, 31, 32, 35, 37, 46, 57, 59, 60, 61, 63, 70, 75, 79, 87, 88, 90, 91, 92, 93, 94, 99, 109, 113, 115, 117, 119, 129, 133], [3, 9, 13, 16, 25, 39, 40, 47, 48, 51, 54, 58, 64, 69, 73, 80, 81, 86, 101, 121, 128, 130, 136]]
allClustLen : [34, 40, 36, 23]
descrNames : [[['HasIfInLoop', 'userdId_23', 'NbReturns<=1.0', 'NbTokens>75.0', 'NbLines<=10.0', 'NbVars<=2.0', 'NbParams>1.0', 'HasForLoop', 'InstDepth<=3.0']], [['NbReturns<=1.0', 'NbTokens<=75.0', 'NbLines<=10.0', 'NbVars<=2.0', 'NbParams>1.0', 'HasIf', 'InstDepth<=3.0']], [['NbReturns<=1.0', 'NbVars<=2.0', 'NbParams>1.0', 'HasIfElifElse']], [['NbReturns>1.0', 'userdId_1', 'NbVars<=2.0', 'NbParams>1.0', 'HasIfElifElse', 'InstDepth<=3.0']]]
descrPatIds : [[4], [7], [5], [8]]
descrTagsIds : [['[32, 2, 34, 40, 15, 17, 20, 21, 22, 24, 28]'], ['[34, 39, 15, 17, 20, 24, 28]'], ['[34, 17, 20, 24, 25, 26, 27]'], ['[35, 4, 17, 20, 24, 25, 26, 27, 28]']]
nbNotAttrib : 6
nbMultiAttrib : 0
nbOfClusterForEachInstance : [1 1 1 1 1 0 1 1 1 1 1 1 1 1 1 1 1 0 1 1 1 1 1 1 1 1 1 1 1 1 1 1 1 1 1 1 1
 1 1 1 1 1 0 1 1 1 1 1 1 1 1 1 1 1 1 1 1 1 1 1 1 1 1 1 1 1 1 1 1 1 1 1 1 1
 1 1 1 1 1 1 1 1 1 1 1 1 1 1 1 1 1 1 1 1 1 1 1 1 1 1 1 1 1 1 1 1 1 1 1 1 1
 1 1 1 1 1 1 1 0 1 1 1 1 0 0 1 1 1 1 1 1 1 1 1 1 1 1 1 1]
---- : ----
PCRs : [(0.88, 0.0), (0.78, 0.0), (0.75, 0.0), (0.91, 0.0)]
DCs : [0.88, 0.78, 0.75, 0.91]
IPSs : [(0.99, 0.0), (0.89, 0.0), (0.79, 0.0), (0.99, 0.0)]
SINGs : [(1.0, 0.0), (1.0, 0.0), (1.0, 0.0), (1.0, 0.0)]
IPCs : [(0.99, 0.0), (0.91, 0.0), (0.83, 0.0), (0.99, 0.0)]
patPCRs : [[0.8823529411764706], [0.775], [0.75], [0.9130434782608695]]
patDCs : []
patIPSs : [[0.9904761904761905], [0.8888888888888888], [0.7864077669902912], [0.9913793103448276]]
patSINGs : [[1.0], [1.0], [1.0], [1.0]]
patIPCs : [[0.9916666666666667], [0.9052287581699346], [0.8343137254901961], [0.9916666666666667]]
Optional results : []
