baseAlgorithms : ['Kmeans']
repeatBPgen : 1
maxClustSize : 139
Coverage : 70
patType : tag
V : 104
clustPatDF.shape : (20, 104)
Kmin : 3
Kmax : 15
minAppar : 0
maxAppar : 2
Discriminativeness : 50
nbMaxMoreThan1 : 20
nbMaxLessThan1 : 20
nbMaxDiffThan1 : 40
idObj : 9

--- RESULTS ---

times : [0.0, 0.0, 0.02, 0.11, 98.91]
allClust : [[1, 4, 14, 18, 20, 24, 30, 41, 49, 53, 55, 56, 62, 65, 67, 71, 72, 74, 76, 77, 78, 85, 97, 102, 104, 105, 108, 116, 125, 132, 134, 135, 137, 138], [0, 3, 7, 9, 11, 12, 13, 15, 16, 19, 23, 25, 28, 29, 33, 34, 36, 38, 39, 40, 42, 43, 45, 47, 48, 50, 51, 52, 54, 58, 64, 66, 68, 69, 73, 80, 81, 82, 83, 84, 86, 89, 96, 98, 100, 101, 103, 106, 107, 110, 111, 114, 120, 121, 122, 126, 127, 128, 130, 136], [2, 6, 8, 10, 21, 22, 26, 27, 31, 32, 35, 37, 46, 57, 59, 60, 61, 63, 70, 75, 79, 87, 88, 90, 91, 92, 93, 94, 99, 109, 113, 115, 117, 119, 129, 133], [5, 17, 118, 123, 124]]
allClustLen : [34, 60, 36, 5]
descrNames : [[['userdId_23']], [['NbTokens<=75.0']], [['NbLines>10.0']], [['userdId_34']]]
descrPatIds : [[10], [14], [16], [15]]
descrTagsIds : [['[2]'], ['[39]'], ['[16]'], ['[1]']]
nbNotAttrib : 4
nbMultiAttrib : 0
nbOfClusterForEachInstance : [1 1 1 1 1 1 1 1 1 1 1 1 1 1 1 1 1 1 1 1 1 1 1 1 1 1 1 1 1 1 1 1 1 1 1 1 1
 1 1 1 1 1 1 1 0 1 1 1 1 1 1 1 1 1 1 1 1 1 1 1 1 1 1 1 1 1 1 1 1 1 1 1 1 1
 1 1 1 1 1 1 1 1 1 1 1 1 1 1 1 1 1 1 1 1 1 0 1 1 1 1 1 1 1 1 1 1 1 1 1 1 1
 1 0 1 1 1 1 1 1 1 1 1 1 1 1 1 1 1 1 1 1 0 1 1 1 1 1 1 1]
---- : ----
PCRs : [(0.94, 0.0), (0.72, 0.0), (0.78, 0.0), (1.0, 0.0)]
DCs : [0.94, 0.72, 0.78, 1.0]
IPSs : [(0.99, 0.0), (0.8, 0.0), (0.82, 0.0), (0.8, 0.0)]
SINGs : [(1.0, 0.0), (1.0, 0.0), (1.0, 0.0), (1.0, 0.0)]
IPCs : [(1.0, 0.0), (0.82, 0.0), (0.77, 0.0), (0.85, 0.0)]
patPCRs : [[0.9411764705882353], [0.7166666666666667], [0.7777777777777778], [1.0]]
patDCs : []
patIPSs : [[0.9904761904761905], [0.7974683544303798], [0.8155339805825242], [0.7985074626865671]]
patSINGs : [[1.0], [1.0], [1.0], [1.0]]
patIPCs : [[1.0], [0.8200435729847495], [0.7722222222222223], [0.8462962962962962]]
Optional results : []
