baseAlgorithms : ['Kmeans', 'Spectral']
repeatBPgen : 1
maxClustSize : 139
Coverage : 70
patType : pat
V : 158
clustPatDF.shape : (21, 158)
Kmin : 2
Kmax : 15
minAppar : 0
maxAppar : 2
Discriminativeness : 50
nbMaxMoreThan1 : 20
nbMaxLessThan1 : 20
nbMaxDiffThan1 : 40
idObj : 9

--- RESULTS ---

times : [0.0, 0.0, 2.39, 0.29, 38.32]
allClust : [[1, 4, 14, 18, 20, 24, 30, 41, 49, 53, 55, 56, 62, 65, 67, 71, 72, 74, 76, 78, 85, 97, 102, 104, 105, 108, 116, 125, 132, 134, 135, 137, 138], [2, 5, 6, 8, 10, 17, 21, 22, 26, 27, 31, 32, 35, 37, 44, 46, 50, 52, 60, 61, 63, 70, 75, 77, 79, 87, 88, 89, 90, 91, 92, 93, 94, 99, 109, 113, 115, 117, 118, 119, 123, 127, 129, 133], [0, 7, 11, 12, 15, 19, 23, 28, 29, 33, 34, 36, 38, 42, 43, 45, 48, 57, 59, 66, 68, 82, 83, 84, 95, 96, 98, 100, 103, 106, 107, 110, 111, 112, 114, 120, 122, 126, 131], [3, 9, 13, 16, 25, 39, 40, 47, 51, 54, 58, 64, 69, 73, 80, 81, 86, 101, 121, 124, 128, 130, 136]]
allClustLen : [33, 44, 39, 23]
descrNames : [[['HasIfInLoop', 'userdId_23', 'NbReturns<=1.0', 'NbTokens>75.0', 'NbLines<=10.0', 'NbVars<=2.0', 'NbParams>1.0', 'HasForLoop', 'InstDepth<=3.0']], [['NbReturns<=1.0', 'NbTokens>75.0', 'NbLines>10.0', 'NbParams>1.0', 'HasIf']], [['NbReturns<=1.0', 'NbTokens<=75.0', 'NbLines<=10.0', 'NbVars<=2.0', 'NbParams>1.0', 'HasIf', 'InstDepth<=3.0']], [['NbReturns>1.0', 'userdId_1', 'NbVars<=2.0', 'NbParams>1.0', 'HasIfElifElse', 'InstDepth<=3.0']]]
descrPatIds : [[5], [17, 14], [8], [7]]
descrTagsIds : [['[32, 2, 34, 40, 15, 17, 20, 21, 22, 24, 28]'], ['[34, 40, 16, 20, 24]', '[34, 20, 24, 25, 26, 27]'], ['[34, 39, 15, 17, 20, 24, 28]'], ['[35, 4, 17, 20, 24, 25, 26, 27, 28]']]
nbNotAttrib : 0
nbMultiAttrib : 0
nbOfClusterForEachInstance : [1 1 1 1 1 1 1 1 1 1 1 1 1 1 1 1 1 1 1 1 1 1 1 1 1 1 1 1 1 1 1 1 1 1 1 1 1
 1 1 1 1 1 1 1 1 1 1 1 1 1 1 1 1 1 1 1 1 1 1 1 1 1 1 1 1 1 1 1 1 1 1 1 1 1
 1 1 1 1 1 1 1 1 1 1 1 1 1 1 1 1 1 1 1 1 1 1 1 1 1 1 1 1 1 1 1 1 1 1 1 1 1
 1 1 1 1 1 1 1 1 1 1 1 1 1 1 1 1 1 1 1 1 1 1 1 1 1 1 1 1]
---- : ----
PCRs : [(0.88, 0.0), (0.73, 0.02), (0.79, 0.0), (0.87, 0.0)]
DCs : [0.88, 0.89, 0.79, 0.87]
IPSs : [(0.98, 0.0), (0.87, 0.11), (0.89, 0.0), (0.98, 0.0)]
SINGs : [(1.0, 0.0), (1.0, 0.0), (1.0, 0.0), (1.0, 0.0)]
IPCs : [(0.98, 0.0), (0.89, 0.1), (0.91, 0.0), (0.98, 0.0)]
patPCRs : [[0.8787878787878788], [0.7045454545454546, 0.75], [0.7948717948717948], [0.8695652173913043]]
patDCs : []
patIPSs : [[0.9811320754716981], [0.9789473684210527, 0.7578947368421053], [0.89], [0.9827586206896551]]
patSINGs : [[1.0], [1.0, 1.0], [1.0], [1.0]]
patIPCs : [[0.9848484848484849], [0.982905982905983, 0.7912570521266172], [0.9065656565656566], [0.982905982905983]]
Optional results : []
