baseAlgorithms : ['Kmeans', 'Spectral']
repeatBPgen : 1
maxClustSize : 139
Coverage : 30
patType : tag
V : 208
clustPatDF.shape : (26, 208)
Kmin : 2
Kmax : 15
minAppar : 0
maxAppar : 2
Discriminativeness : 10
nbMaxMoreThan1 : 20
nbMaxLessThan1 : 20
nbMaxDiffThan1 : 40
idObj : 9

--- RESULTS ---

times : [0.0, 0.0, 0.06, 0.44, 530.96]
allClust : [[0, 3, 5, 7, 9, 11, 12, 13, 15, 16, 17, 19, 23, 25, 28, 29, 33, 34, 36, 38, 39, 40, 42, 43, 45, 47, 48, 50, 51, 52, 54, 58, 64, 66, 68, 69, 73, 80, 81, 82, 83, 84, 86, 89, 96, 98, 100, 101, 103, 106, 107, 110, 111, 114, 118, 120, 121, 122, 123, 124, 126, 127, 128, 130, 136], [1, 4, 14, 20, 24, 30, 41, 49, 53, 55, 56, 62, 65, 67, 71, 72, 74, 76, 77, 78, 97, 102, 104, 105, 108, 116, 125, 132, 134, 135, 137, 138], [2, 6, 8, 10, 21, 22, 26, 27, 31, 35, 37, 46, 60, 61, 63, 70, 75, 79, 87, 90, 91, 92, 93, 99, 109, 113, 117, 119, 129, 133]]
allClustLen : [65, 32, 30]
descrNames : [[['userdId_34']], [['userdId_23']], [['userdId_8']]]
descrPatIds : [[0, 7, 13], [15], [19, 20, 21]]
descrTagsIds : [['[1]', '[39]', '[35]'], ['[2]'], ['[3]', '[41]', '[29]']]
nbNotAttrib : 12
nbMultiAttrib : 0
nbOfClusterForEachInstance : [1 1 1 1 1 1 1 1 1 1 1 1 1 1 1 1 1 1 0 1 1 1 1 1 1 1 1 1 1 1 1 1 0 1 1 1 1
 1 1 1 1 1 1 1 0 1 1 1 1 1 1 1 1 1 1 1 1 0 1 0 1 1 1 1 1 1 1 1 1 1 1 1 1 1
 1 1 1 1 1 1 1 1 1 1 1 0 1 1 0 1 1 1 1 1 0 0 1 1 1 1 1 1 1 1 1 1 1 1 1 1 1
 1 0 1 1 0 1 1 1 1 1 1 1 1 1 1 1 1 1 1 1 0 1 1 1 1 1 1 1]
---- : ----
PCRs : [(0.49, 0.13), (1.0, 0.0), (0.51, 0.04)]
DCs : [0.95, 1.0, 0.93]
IPSs : [(0.91, 0.08), (0.99, 0.0), (0.98, 0.02)]
SINGs : [(1.0, 0.0), (1.0, 0.0), (1.0, 0.0)]
IPCs : [(0.98, 0.03), (1.0, 0.0), (0.98, 0.01)]
patPCRs : [[0.4, 0.676923076923077, 0.38461538461538464], [1.0], [0.5, 0.4666666666666667, 0.5666666666666667]]
patDCs : []
patIPSs : [[0.9189189189189189, 0.7972972972972973, 1.0], [0.9906542056074766], [1.0, 0.963302752293578, 0.963302752293578]]
patSINGs : [[1.0, 1.0, 1.0], [1.0], [1.0, 1.0, 1.0]]
patIPCs : [[1.0, 0.9354166666666667, 1.0], [1.0], [1.0, 0.9692307692307692, 0.9692307692307692]]
Optional results : []
