baseAlgorithms : ['Kmeans']
repeatBPgen : 1
maxClustSize : 139
Coverage : 30
patType : pat
V : 88
clustPatDF.shape : (30, 88)
Kmin : 3
Kmax : 15
minAppar : 0
maxAppar : 2
Discriminativeness : 10
nbMaxMoreThan1 : 20
nbMaxLessThan1 : 20
nbMaxDiffThan1 : 40
idObj : 9

--- RESULTS ---

times : [0.31, 0.0, 1.26, 0.13, 19.52]
allClust : [[2, 6, 8, 10, 14, 20, 21, 22, 24, 26, 27, 30, 31, 32, 35, 36, 37, 41, 44, 46, 49, 50, 53, 55, 56, 57, 59, 60, 61, 62, 63, 65, 67, 70, 71, 72, 74, 75, 76, 77, 78, 79, 83, 87, 88, 90, 91, 92, 93, 94, 95, 97, 99, 104, 105, 108, 109, 112, 113, 115, 116, 117, 119, 127, 129, 131, 132, 133, 134, 135, 137, 138], [0, 3, 7, 9, 11, 12, 13, 15, 16, 19, 23, 25, 28, 29, 33, 34, 36, 38, 39, 40, 42, 43, 45, 47, 48, 50, 51, 52, 54, 58, 64, 66, 68, 69, 73, 80, 81, 82, 83, 84, 86, 89, 96, 98, 100, 101, 103, 106, 107, 110, 111, 114, 120, 121, 122, 126, 127, 128, 130, 136], [5, 17, 118, 123, 124]]
allClustLen : [72, 60, 5]
descrNames : [[['NbReturns<=1.0', 'NbTokens>75.0', 'NbLines>10.0', 'NbVars<=2.0', 'NbParams>1.0', 'HasIfElifElse']], [['NbTokens<=75.0', 'NbLines<=10.0', 'NbVars<=2.0', 'NbParams>1.0', 'HasIfElifElse', 'InstDepth<=3.0']], [['userdId_34', 'NbReturns<=1.0', 'NbTokens>75.0', 'NbLines<=10.0', 'NbVars<=2.0', 'NbParams>1.0', 'HasIfElifElse', 'InstDepth<=3.0']]]
descrPatIds : [[0, 1], [4, 5], [11]]
descrTagsIds : [['[34, 40, 16, 17, 20, 24, 25, 26, 27]', '[32, 2, 34, 40, 15, 17, 20, 21, 22, 24, 28]'], ['[39, 15, 17, 20, 24, 25, 26, 27, 28]', '[35, 4, 17, 20, 24, 25, 26, 27, 28]'], ['[1, 34, 40, 15, 17, 20, 24, 25, 26, 27, 28]']]
nbNotAttrib : 6
nbMultiAttrib : 4
nbOfClusterForEachInstance : [1 0 1 1 0 1 1 1 1 1 1 1 1 1 1 1 1 1 0 1 1 1 1 1 1 1 1 1 1 1 1 1 1 1 1 1 2
 1 1 1 1 1 1 1 1 1 1 1 1 1 2 1 1 1 1 1 1 1 1 1 1 1 1 1 1 1 1 1 1 1 1 1 1 1
 1 1 1 1 1 1 1 1 1 2 1 0 1 1 1 1 1 1 1 1 1 1 1 1 1 1 1 1 0 1 1 1 1 1 1 1 1
 1 1 1 1 1 1 1 1 1 1 1 1 1 1 0 1 2 1 1 1 1 1 1 1 1 1 1 1]
---- : ----
PCRs : [(0.35, 0.03), (0.38, 0.01), (0.4, 0.0)]
DCs : [0.69, 0.57, 0.4]
IPSs : [(0.97, 0.03), (0.96, 0.04), (1.0, 0.0)]
SINGs : [(1.0, 0.0), (1.0, 0.0), (1.0, 0.0)]
IPCs : [(1.0, 0.0), (0.98, 0.02), (1.0, 0.0)]
patPCRs : [[0.3194444444444444, 0.375], [0.38333333333333336, 0.36666666666666664], [0.4]]
patDCs : []
patIPSs : [[1.0, 0.9402985074626866], [0.9113924050632911, 1.0], [1.0]]
patSINGs : [[1.0, 1.0], [1.0, 1.0], [1.0]]
patIPCs : [[1.0, 1.0], [0.9652777777777778, 1.0], [1.0]]
Optional results : []
