baseAlgorithms : ['Kmeans', 'Spectral']
repeatBPgen : 1
maxClustSize : 139
Coverage : 70
patType : pat
V : 158
clustPatDF.shape : (21, 158)
Kmin : 2
Kmax : 15
minAppar : 0
maxAppar : 2
Discriminativeness : 10
nbMaxMoreThan1 : 20
nbMaxLessThan1 : 20
nbMaxDiffThan1 : 40
idObj : 9

--- RESULTS ---

times : [0.0, 0.0, 2.39, 0.29, 40.06]
allClust : [[3, 9, 13, 16, 25, 39, 40, 47, 48, 51, 54, 58, 64, 69, 73, 80, 81, 86, 101, 121, 128, 130, 136], [0, 7, 11, 12, 15, 19, 23, 28, 29, 33, 34, 36, 38, 42, 43, 44, 45, 50, 52, 57, 59, 66, 68, 82, 83, 84, 89, 95, 96, 98, 100, 103, 106, 107, 110, 111, 112, 114, 120, 122, 126, 127, 131], [1, 4, 14, 20, 24, 30, 41, 49, 53, 55, 56, 62, 65, 67, 71, 72, 74, 76, 77, 78, 97, 102, 104, 105, 108, 116, 125, 132, 134, 135, 137, 138], [2, 6, 8, 10, 21, 22, 26, 27, 31, 35, 37, 46, 60, 61, 70, 75, 79, 87, 88, 90, 91, 92, 93, 99, 109, 113, 117, 119, 129, 133]]
allClustLen : [23, 43, 32, 30]
descrNames : [[['NbReturns>1.0', 'userdId_1', 'NbVars<=2.0', 'NbParams>1.0', 'HasIfElifElse', 'InstDepth<=3.0']], [['NbReturns<=1.0', 'NbTokens<=75.0', 'NbLines<=10.0', 'NbVars<=2.0', 'NbParams>1.0', 'HasIf', 'InstDepth<=3.0']], [['HasIfInLoop', 'userdId_23', 'NbReturns<=1.0', 'NbTokens>75.0', 'NbLines<=10.0', 'NbVars<=2.0', 'NbParams>1.0', 'HasForLoop', 'InstDepth<=3.0']], [['NbReturns<=1.0', 'NbTokens>75.0', 'NbLines>10.0', 'NbVars<=2.0', 'NbParams>1.0', 'HasIfElifElse']]]
descrPatIds : [[7], [8], [5], [10]]
descrTagsIds : [['[35, 4, 17, 20, 24, 25, 26, 27, 28]'], ['[34, 39, 15, 17, 20, 24, 28]'], ['[32, 2, 34, 40, 15, 17, 20, 21, 22, 24, 28]'], ['[34, 40, 16, 17, 20, 24, 25, 26, 27]']]
nbNotAttrib : 11
nbMultiAttrib : 0
nbOfClusterForEachInstance : [1 1 1 1 1 0 1 1 1 1 1 1 1 1 1 1 1 0 0 1 1 1 1 1 1 1 1 1 1 1 1 1 0 1 1 1 1
 1 1 1 1 1 1 1 1 1 1 1 1 1 1 1 1 1 1 1 1 1 1 1 1 1 1 0 1 1 1 1 1 1 1 1 1 1
 1 1 1 1 1 1 1 1 1 1 1 0 1 1 1 1 1 1 1 1 0 1 1 1 1 1 1 1 1 1 1 1 1 1 1 1 1
 1 1 1 1 0 1 1 0 1 1 1 1 0 0 1 1 1 1 1 1 1 1 1 1 1 1 1 1]
---- : ----
PCRs : [(0.91, 0.0), (0.79, 0.0), (0.94, 0.0), (0.77, 0.0)]
DCs : [0.91, 0.79, 0.94, 0.77]
IPSs : [(0.99, 0.0), (0.92, 0.0), (0.99, 0.0), (1.0, 0.0)]
SINGs : [(1.0, 0.0), (1.0, 0.0), (1.0, 0.0), (1.0, 0.0)]
IPCs : [(0.99, 0.0), (0.97, 0.0), (0.99, 0.0), (1.0, 0.0)]
patPCRs : [[0.9130434782608695], [0.7906976744186046], [0.9375], [0.7666666666666667]]
patDCs : []
patIPSs : [[0.9913793103448276], [0.9166666666666666], [0.9906542056074766], [1.0]]
patSINGs : [[1.0], [1.0], [1.0], [1.0]]
patIPCs : [[0.9922480620155039], [0.9680555555555556], [0.9922480620155039], [1.0]]
Optional results : []
