baseAlgorithms : ['Kmeans']
repeatBPgen : 1
maxClustSize : 139
Coverage : 50
patType : tag
V : 104
clustPatDF.shape : (25, 104)
Kmin : 2
Kmax : 15
minAppar : 0
maxAppar : 2
Discriminativeness : 30
nbMaxMoreThan1 : 20
nbMaxLessThan1 : 20
nbMaxDiffThan1 : 40
idObj : 9

--- RESULTS ---

times : [0.0, 0.0, 0.02, 0.15, 115.33]
allClust : [[0, 7, 11, 12, 15, 19, 23, 28, 29, 32, 33, 34, 36, 38, 42, 43, 44, 45, 50, 52, 57, 59, 66, 68, 82, 83, 84, 89, 95, 96, 98, 100, 103, 106, 107, 110, 111, 112, 114, 120, 122, 126, 127, 131], [3, 9, 13, 16, 25, 39, 40, 47, 48, 51, 54, 58, 64, 69, 73, 80, 81, 86, 101, 121, 128, 130, 136], [1, 4, 14, 20, 24, 30, 41, 49, 53, 55, 56, 62, 65, 67, 71, 72, 74, 76, 77, 78, 97, 102, 104, 105, 108, 116, 125, 132, 134, 135, 137, 138], [18, 85], [2, 8, 10, 21, 22, 26, 27, 31, 35, 46, 60, 61, 63, 70, 75, 79, 87, 90, 91, 93, 99, 109, 113, 117, 119, 129, 133]]
allClustLen : [44, 23, 32, 2, 27]
descrNames : [[['userdId_34']], [['NbReturns>1.0']], [['userdId_23']], [['userdId_9']], [['PassedTestCases']]]
descrPatIds : [[16], [20], [11], [21], [23, 18]]
descrTagsIds : [['[1]'], ['[35]'], ['[2]'], ['[7]'], ['[41]', '[29]']]
nbNotAttrib : 11
nbMultiAttrib : 0
nbOfClusterForEachInstance : [1 1 1 1 1 0 0 1 1 1 1 1 1 1 1 1 1 0 1 1 1 1 1 1 1 1 1 1 1 1 1 1 1 1 1 1 1
 0 1 1 1 1 1 1 1 1 1 1 1 1 1 1 1 1 1 1 1 1 1 1 1 1 1 1 1 1 1 1 1 1 1 1 1 1
 1 1 1 1 1 1 1 1 1 1 1 1 1 1 0 1 1 1 0 1 0 1 1 1 1 1 1 1 1 1 1 1 1 1 1 1 1
 1 1 1 1 0 1 1 0 1 1 1 1 0 0 1 1 1 1 1 1 1 1 1 1 1 1 1 1]
---- : ----
PCRs : [(0.55, 0.0), (1.0, 0.0), (1.0, 0.0), (1.0, 0.0), (0.54, 0.02)]
DCs : [0.55, 1.0, 1.0, 1.0, 0.93]
IPSs : [(0.92, 0.0), (0.98, 0.0), (0.99, 0.0), (0.96, 0.0), (0.96, 0.01)]
SINGs : [(1.0, 0.0), (1.0, 0.0), (1.0, 0.0), (1.0, 0.0), (1.0, 0.0)]
IPCs : [(1.0, 0.0), (0.99, 0.0), (0.99, 0.0), (0.97, 0.0), (0.98, 0.01)]
patPCRs : [[0.5454545454545454], [1.0], [1.0], [1.0], [0.5185185185185185, 0.5555555555555556]]
patDCs : []
patIPSs : [[0.9157894736842105], [0.9827586206896551], [0.9906542056074766], [0.9562043795620438], [0.9642857142857143, 0.9464285714285714]]
patSINGs : [[1.0], [1.0], [1.0], [1.0], [1.0, 1.0]]
patIPCs : [[1.0], [0.9886363636363636], [0.9943181818181819], [0.9659090909090909], [0.9720849802371542, 0.9829545454545454]]
Optional results : []
