baseAlgorithms : ['Kmeans', 'Spectral']
repeatBPgen : 1
maxClustSize : 139
Coverage : 50
patType : tag
V : 208
clustPatDF.shape : (26, 208)
Kmin : 2
Kmax : 15
minAppar : 0
maxAppar : 2
Discriminativeness : 10
nbMaxMoreThan1 : 20
nbMaxLessThan1 : 20
nbMaxDiffThan1 : 40
idObj : 9

--- RESULTS ---

times : [0.0, 0.0, 0.04, 0.32, 549.87]
allClust : [[3, 9, 13, 16, 25, 39, 40, 42, 47, 48, 51, 54, 58, 64, 69, 73, 80, 81, 86, 101, 121, 128, 130, 136], [0, 7, 11, 12, 15, 19, 23, 28, 29, 33, 34, 36, 38, 42, 43, 44, 45, 50, 52, 57, 59, 66, 68, 82, 83, 84, 89, 95, 96, 98, 100, 103, 106, 107, 110, 111, 112, 114, 120, 122, 126, 127, 131], [1, 4, 14, 20, 24, 30, 41, 49, 53, 55, 56, 62, 65, 67, 71, 72, 74, 76, 77, 78, 97, 102, 104, 105, 108, 116, 125, 132, 134, 135, 137, 138], [2, 8, 10, 21, 22, 26, 27, 31, 35, 46, 60, 61, 63, 70, 75, 79, 87, 90, 91, 93, 99, 109, 113, 117, 119, 129, 133]]
allClustLen : [24, 43, 32, 27]
descrNames : [[['NbReturns>1.0']], [['userdId_34']], [['userdId_23']], [['PassedTestCases']]]
descrPatIds : [[19], [16], [11], [24, 21]]
descrTagsIds : [['[35]'], ['[1]'], ['[2]'], ['[41]', '[29]']]
nbNotAttrib : 14
nbMultiAttrib : 1
nbOfClusterForEachInstance : [1 1 1 1 1 0 0 1 1 1 1 1 1 1 1 1 1 0 0 1 1 1 1 1 1 1 1 1 1 1 1 1 0 1 1 1 1
 0 1 1 1 1 2 1 1 1 1 1 1 1 1 1 1 1 1 1 1 1 1 1 1 1 1 1 1 1 1 1 1 1 1 1 1 1
 1 1 1 1 1 1 1 1 1 1 1 0 1 1 0 1 1 1 0 1 0 1 1 1 1 1 1 1 1 1 1 1 1 1 1 1 1
 1 1 1 1 0 1 1 0 1 1 1 1 0 0 1 1 1 1 1 1 1 1 1 1 1 1 1 1]
---- : ----
PCRs : [(0.96, 0.0), (0.53, 0.0), (1.0, 0.0), (0.54, 0.02)]
DCs : [0.96, 0.53, 1.0, 0.93]
IPSs : [(0.98, 0.0), (0.91, 0.0), (0.99, 0.0), (0.96, 0.01)]
SINGs : [(1.0, 0.0), (1.0, 0.0), (1.0, 0.0), (1.0, 0.0)]
IPCs : [(0.98, 0.0), (1.0, 0.0), (0.99, 0.0), (0.97, 0.01)]
patPCRs : [[0.9583333333333334], [0.5348837209302325], [1.0], [0.5185185185185185, 0.5555555555555556]]
patDCs : []
patIPSs : [[0.9826086956521739], [0.90625], [0.9906542056074766], [0.9642857142857143, 0.9464285714285714]]
patSINGs : [[1.0], [1.0], [1.0], [1.0, 1.0]]
patIPCs : [[0.9844961240310077], [1.0], [0.9922480620155039], [0.9628552971576227, 0.9767441860465116]]
Optional results : []
