baseAlgorithms : ['Kmeans', 'Spectral']
repeatBPgen : 1
maxClustSize : 139
Coverage : 70
patType : pat
V : 158
clustPatDF.shape : (21, 158)
Kmin : 2
Kmax : 15
minAppar : 0
maxAppar : 2
Discriminativeness : 30
nbMaxMoreThan1 : 20
nbMaxLessThan1 : 20
nbMaxDiffThan1 : 40
idObj : 9

--- RESULTS ---

times : [0.0, 0.0, 2.39, 0.29, 38.97]
allClust : [[1, 4, 14, 18, 20, 24, 30, 41, 49, 53, 55, 56, 62, 65, 67, 71, 72, 74, 76, 78, 85, 97, 102, 104, 105, 108, 116, 125, 132, 135, 137, 138], [2, 5, 6, 8, 10, 17, 21, 22, 26, 27, 31, 32, 35, 37, 44, 46, 50, 52, 60, 61, 63, 70, 75, 77, 79, 87, 88, 89, 90, 91, 92, 93, 94, 99, 109, 113, 115, 117, 118, 119, 123, 127, 129, 133], [0, 7, 11, 12, 15, 19, 23, 28, 29, 33, 34, 36, 38, 42, 43, 45, 48, 57, 59, 66, 68, 82, 83, 84, 95, 96, 98, 100, 103, 106, 107, 110, 111, 112, 114, 120, 122, 126, 131], [3, 9, 13, 16, 18, 25, 39, 40, 47, 51, 54, 58, 64, 69, 73, 80, 81, 85, 86, 101, 121, 128, 130, 136]]
allClustLen : [32, 44, 39, 24]
descrNames : [[['HasIfInLoop', 'userdId_23', 'NbReturns<=1.0', 'NbTokens>75.0', 'NbLines<=10.0', 'NbVars<=2.0', 'NbParams>1.0', 'HasForLoop', 'InstDepth<=3.0']], [['NbReturns<=1.0', 'NbTokens>75.0', 'NbParams>1.0', 'HasIfElif']], [['NbReturns<=1.0', 'NbTokens<=75.0', 'NbLines<=10.0', 'NbVars<=2.0', 'NbParams>1.0', 'HasIf', 'InstDepth<=3.0']], [['NbReturns>1.0', 'userdId_1', 'NbVars<=2.0', 'NbParams>1.0', 'HasIfElifElse', 'InstDepth<=3.0']]]
descrPatIds : [[5], [16, 17], [8], [7]]
descrTagsIds : [['[32, 2, 34, 40, 15, 17, 20, 21, 22, 24, 28]'], ['[34, 40, 20, 24, 26]', '[34, 40, 16, 20, 24]'], ['[34, 39, 15, 17, 20, 24, 28]'], ['[35, 4, 17, 20, 24, 25, 26, 27, 28]']]
nbNotAttrib : 2
nbMultiAttrib : 2
nbOfClusterForEachInstance : [1 1 1 1 1 1 1 1 1 1 1 1 1 1 1 1 1 1 2 1 1 1 1 1 1 1 1 1 1 1 1 1 1 1 1 1 1
 1 1 1 1 1 1 1 1 1 1 1 1 1 1 1 1 1 1 1 1 1 1 1 1 1 1 1 1 1 1 1 1 1 1 1 1 1
 1 1 1 1 1 1 1 1 1 1 1 2 1 1 1 1 1 1 1 1 1 1 1 1 1 1 1 1 1 1 1 1 1 1 1 1 1
 1 1 1 1 1 1 1 1 1 1 1 1 1 0 1 1 1 1 1 1 1 1 1 0 1 1 1 1]
---- : ----
PCRs : [(0.91, 0.0), (0.7, 0.0), (0.79, 0.0), (0.83, 0.0)]
DCs : [0.91, 0.8, 0.79, 0.83]
IPSs : [(0.98, 0.0), (0.94, 0.04), (0.89, 0.0), (0.98, 0.0)]
SINGs : [(1.0, 0.0), (1.0, 0.0), (1.0, 0.0), (1.0, 0.0)]
IPCs : [(0.98, 0.0), (0.94, 0.04), (0.89, 0.0), (0.98, 0.0)]
patPCRs : [[0.90625], [0.7045454545454546, 0.7045454545454546], [0.7948717948717948], [0.8333333333333334]]
patDCs : []
patIPSs : [[0.9813084112149533], [0.9052631578947369, 0.9789473684210527], [0.89], [0.9826086956521739]]
patSINGs : [[1.0], [1.0, 1.0], [1.0], [1.0]]
patIPCs : [[0.9848484848484849], [0.90625, 0.982905982905983], [0.8879419191919191], [0.982905982905983]]
Optional results : []
