baseAlgorithms : ['Kmeans', 'Spectral']
repeatBPgen : 1
maxClustSize : 139
Coverage : 50
patType : pat
V : 161
clustPatDF.shape : (25, 161)
Kmin : 2
Kmax : 15
minAppar : 0
maxAppar : 2
Discriminativeness : 30
nbMaxMoreThan1 : 20
nbMaxLessThan1 : 20
nbMaxDiffThan1 : 40
idObj : 9

--- RESULTS ---

times : [0.0, 0.0, 1.92, 0.26, 36.71]
allClust : [[0, 3, 7, 9, 11, 12, 13, 15, 16, 19, 23, 25, 28, 29, 33, 34, 36, 38, 39, 40, 42, 43, 45, 47, 48, 50, 51, 52, 54, 58, 64, 66, 68, 69, 73, 80, 81, 82, 83, 84, 86, 89, 96, 98, 100, 101, 103, 106, 107, 110, 111, 114, 120, 121, 122, 126, 127, 128, 130, 136], [1, 4, 14, 20, 24, 30, 41, 49, 53, 55, 56, 62, 65, 67, 71, 72, 74, 76, 77, 78, 97, 102, 104, 105, 108, 116, 125, 132, 134, 135, 137, 138], [2, 6, 8, 10, 21, 22, 26, 27, 31, 35, 37, 46, 60, 61, 70, 75, 79, 87, 88, 90, 91, 92, 93, 99, 109, 113, 117, 119, 129, 133]]
allClustLen : [60, 32, 30]
descrNames : [[['NbReturns<=1.0', 'NbTokens<=75.0', 'NbLines<=10.0', 'NbParams>1.0', 'HasIf', 'InstDepth<=3.0']], [['HasIfInLoop', 'userdId_23', 'NbReturns<=1.0', 'NbTokens>75.0', 'NbLines<=10.0', 'NbVars<=2.0', 'NbParams>1.0', 'HasForLoop', 'InstDepth<=3.0']], [['NbReturns<=1.0', 'NbTokens>75.0', 'NbLines>10.0', 'NbVars<=2.0', 'NbParams>1.0', 'HasIfElifElse']]]
descrPatIds : [[7, 2], [5], [6]]
descrTagsIds : [['[34, 39, 15, 20, 24, 28]', '[17, 20, 24, 25, 26, 27, 28]'], ['[32, 2, 34, 40, 15, 17, 20, 21, 22, 24, 28]'], ['[34, 40, 16, 17, 20, 24, 25, 26, 27]']]
nbNotAttrib : 17
nbMultiAttrib : 0
nbOfClusterForEachInstance : [1 1 1 1 1 0 1 1 1 1 1 1 1 1 1 1 1 0 0 1 1 1 1 1 1 1 1 1 1 1 1 1 0 1 1 1 1
 1 1 1 1 1 1 1 0 1 1 1 1 1 1 1 1 1 1 1 1 0 1 0 1 1 1 0 1 1 1 1 1 1 1 1 1 1
 1 1 1 1 1 1 1 1 1 1 1 0 1 1 1 1 1 1 1 1 0 0 1 1 1 1 1 1 1 1 1 1 1 1 1 1 1
 1 0 1 1 0 1 1 0 1 1 1 1 0 0 1 1 1 1 1 1 0 1 1 1 1 1 1 1]
---- : ----
PCRs : [(0.56, 0.04), (0.94, 0.0), (0.77, 0.0)]
DCs : [0.92, 0.94, 0.77]
IPSs : [(0.76, 0.04), (0.99, 0.0), (1.0, 0.0)]
SINGs : [(1.0, 0.0), (1.0, 0.0), (1.0, 0.0)]
IPCs : [(0.87, 0.07), (1.0, 0.0), (1.0, 0.0)]
patPCRs : [[0.5166666666666667, 0.6], [0.9375], [0.7666666666666667]]
patDCs : []
patIPSs : [[0.7974683544303798, 0.7215189873417722], [0.9906542056074766], [1.0]]
patSINGs : [[1.0, 1.0], [1.0], [1.0]]
patIPCs : [[0.9354166666666667, 0.803125], [1.0], [1.0]]
Optional results : []
