baseAlgorithms : ['Kmeans', 'Spectral']
repeatBPgen : 1
maxClustSize : 139
Coverage : 50
patType : tag
V : 208
clustPatDF.shape : (26, 208)
Kmin : 2
Kmax : 15
minAppar : 0
maxAppar : 2
Discriminativeness : 30
nbMaxMoreThan1 : 20
nbMaxLessThan1 : 20
nbMaxDiffThan1 : 40
idObj : 9

--- RESULTS ---

times : [0.0, 0.0, 0.04, 0.32, 546.37]
allClust : [[5, 17, 118, 123, 124], [1, 4, 14, 18, 20, 24, 30, 41, 49, 53, 55, 56, 62, 65, 67, 71, 72, 74, 76, 77, 78, 85, 97, 102, 104, 105, 108, 116, 125, 132, 134, 135, 137, 138], [0, 7, 11, 12, 15, 19, 23, 28, 29, 33, 34, 36, 38, 42, 43, 44, 45, 50, 52, 57, 59, 66, 68, 82, 83, 84, 89, 95, 96, 98, 100, 103, 106, 107, 110, 111, 112, 114, 120, 122, 126, 127, 131], [2, 8, 10, 21, 22, 26, 27, 31, 35, 46, 60, 61, 63, 70, 75, 79, 87, 90, 91, 93, 99, 109, 113, 117, 119, 129, 133], [3, 9, 13, 16, 25, 39, 40, 51, 69, 73, 101, 121, 130, 136]]
allClustLen : [5, 34, 43, 27, 14]
descrNames : [[['NbVars>2.0']], [['userdId_23']], [['NbTokens<=75.0']], [['PassedTestCases']], [['NbReturns>1.0']]]
descrPatIds : [[17], [11], [6], [24, 21], [19]]
descrTagsIds : [['[18]'], ['[2]'], ['[39]'], ['[41]', '[29]'], ['[35]']]
nbNotAttrib : 16
nbMultiAttrib : 0
nbOfClusterForEachInstance : [1 1 1 1 1 1 0 1 1 1 1 1 1 1 1 1 1 1 1 1 1 1 1 1 1 1 1 1 1 1 1 1 0 1 1 1 1
 0 1 1 1 1 1 1 1 1 1 0 0 1 1 1 1 1 0 1 1 1 0 1 1 1 1 1 0 1 1 1 1 1 1 1 1 1
 1 1 1 1 1 1 0 0 1 1 1 1 0 1 0 1 1 1 0 1 0 1 1 1 1 1 1 1 1 1 1 1 1 1 1 1 1
 1 1 1 1 0 1 1 1 1 1 1 1 1 1 1 1 1 0 1 1 1 1 1 1 1 1 1 1]
---- : ----
PCRs : [(0.6, 0.0), (0.94, 0.0), (0.88, 0.0), (0.54, 0.02), (1.0, 0.0)]
DCs : [0.6, 0.94, 0.88, 0.93, 1.0]
IPSs : [(0.97, 0.0), (0.99, 0.0), (0.78, 0.0), (0.96, 0.01), (0.91, 0.0)]
SINGs : [(1.0, 0.0), (1.0, 0.0), (1.0, 0.0), (1.0, 0.0), (1.0, 0.0)]
IPCs : [(0.97, 0.0), (0.99, 0.0), (0.83, 0.0), (0.95, 0.02), (0.99, 0.0)]
patPCRs : [[0.6], [0.9411764705882353], [0.8837209302325582], [0.5185185185185185, 0.5555555555555556], [1.0]]
patDCs : []
patIPSs : [[0.9701492537313433], [0.9904761904761905], [0.78125], [0.9642857142857143, 0.9464285714285714], [0.912]]
patSINGs : [[1.0], [1.0], [1.0], [1.0, 1.0], [1.0]]
patIPCs : [[0.9698535745047373], [0.9941860465116279], [0.8306411453470277], [0.9647009966777409, 0.9325581395348838], [0.9883720930232558]]
Optional results : []
