baseAlgorithms : ['Kmeans', 'Spectral']
repeatBPgen : 1
maxClustSize : 117
Coverage : 50
patType : pat
V : 151
clustPatDF.shape : (41, 151)
Kmin : 2
Kmax : 15
minAppar : 0
maxAppar : 2
Discriminativeness : 30
nbMaxMoreThan1 : 20
nbMaxLessThan1 : 20
nbMaxDiffThan1 : 40
idObj : 9

--- RESULTS ---

times : [0.0, 0.0, 1.94, 0.38, 28.0]
allClust : [[1, 3, 4, 8, 12, 15, 19, 21, 23, 30, 32, 33, 36, 41, 46, 49, 51, 54, 58, 59, 64, 65, 66, 74, 78, 79, 81, 84, 85, 86, 87, 89, 91, 92, 93, 94, 104, 111, 112, 116], [0, 2, 5, 6, 7, 9, 10, 11, 13, 14, 16, 17, 18, 20, 22, 24, 25, 26, 27, 28, 29, 31, 34, 35, 37, 38, 39, 40, 42, 43, 44, 47, 48, 50, 52, 53, 56, 57, 60, 61, 63, 67, 68, 69, 70, 71, 72, 73, 75, 76, 77, 80, 82, 83, 88, 90, 95, 96, 97, 98, 99, 100, 101, 102, 103, 105, 106, 107, 108, 109, 110, 113, 115]]
allClustLen : [40, 73]
descrNames : [[['HasImport', 'NbTokens>75.0', 'NbLines>10.0', 'NbParams>1.0', 'HasIfElifElse', 'InstDepth<=3.0']], [['NbTokens>75.0', 'NbLines<=10.0', 'NbParams>1.0', 'HasIf', 'InstDepth<=3.0']]]
descrPatIds : [[2, 15], [11, 10]]
descrTagsIds : [['[38, 40, 16, 20, 24, 25, 26, 27, 28]', '[35, 4, 38, 40, 16, 18, 20, 24, 26, 28]'], ['[40, 15, 20, 24, 28]', '[34, 15, 20, 24, 28]']]
nbNotAttrib : 4
nbMultiAttrib : 0
nbOfClusterForEachInstance : [1 1 1 1 1 1 1 1 1 1 1 1 1 1 1 1 1 1 1 1 1 1 1 1 1 1 1 1 1 1 1 1 1 1 1 1 1
 1 1 1 1 1 1 1 1 0 1 1 1 1 1 1 1 1 1 0 1 1 1 1 1 1 0 1 1 1 1 1 1 1 1 1 1 1
 1 1 1 1 1 1 1 1 1 1 1 1 1 1 1 1 1 1 1 1 1 1 1 1 1 1 1 1 1 1 1 1 1 1 1 1 1
 1 1 1 0 1 1]
---- : ----
PCRs : [(0.62, 0.1), (0.55, 0.03)]
DCs : [0.85, 0.64]
IPSs : [(0.91, 0.09), (0.92, 0.01)]
SINGs : [(1.0, 0.0), (1.0, 0.0)]
IPCs : [(0.93, 0.07), (0.91, 0.01)]
patPCRs : [[0.725, 0.525], [0.5753424657534246, 0.5205479452054794]]
patDCs : []
patIPSs : [[0.8181818181818181, 1.0], [0.9318181818181819, 0.9090909090909091]]
patSINGs : [[1.0, 1.0], [1.0, 1.0]]
patIPCs : [[0.863013698630137, 1.0], [0.925, 0.9]]
Optional results : []
