baseAlgorithms : ['Kmeans', 'Spectral']
repeatBPgen : 1
maxClustSize : 117
Coverage : 70
patType : tag
V : 208
clustPatDF.shape : (24, 208)
Kmin : 2
Kmax : 15
minAppar : 0
maxAppar : 2
Discriminativeness : 50
nbMaxMoreThan1 : 20
nbMaxLessThan1 : 20
nbMaxDiffThan1 : 40
idObj : 9

--- RESULTS ---

times : [0.0, 0.0, 0.04, 0.39, 450.37]
allClust : [[1, 3, 4, 6, 8, 12, 15, 19, 21, 22, 23, 26, 30, 32, 33, 36, 39, 41, 45, 46, 49, 51, 53, 54, 55, 58, 59, 61, 62, 64, 65, 66, 70, 74, 78, 79, 81, 84, 85, 86, 87, 89, 90, 91, 92, 93, 94, 96, 98, 100, 104, 111, 112, 114, 116], [0, 2, 5, 9, 10, 11, 13, 14, 16, 17, 20, 24, 25, 28, 29, 31, 34, 37, 40, 42, 43, 44, 47, 48, 50, 52, 56, 57, 60, 63, 67, 68, 69, 71, 72, 73, 75, 76, 77, 80, 82, 83, 88, 95, 97, 101, 102, 103, 105, 108, 110, 113, 115], [18, 27, 35, 38, 99, 106, 107, 109]]
allClustLen : [55, 53, 8]
descrNames : [[['HasImport']], [['NbReturns<=1.0']], [['userdId_21']]]
descrPatIds : [[12], [7], [14]]
descrTagsIds : [['[38]'], ['[34]'], ['[5]']]
nbNotAttrib : 1
nbMultiAttrib : 0
nbOfClusterForEachInstance : [1 1 1 1 1 1 1 0 1 1 1 1 1 1 1 1 1 1 1 1 1 1 1 1 1 1 1 1 1 1 1 1 1 1 1 1 1
 1 1 1 1 1 1 1 1 1 1 1 1 1 1 1 1 1 1 1 1 1 1 1 1 1 1 1 1 1 1 1 1 1 1 1 1 1
 1 1 1 1 1 1 1 1 1 1 1 1 1 1 1 1 1 1 1 1 1 1 1 1 1 1 1 1 1 1 1 1 1 1 1 1 1
 1 1 1 1 1 1]
---- : ----
PCRs : [(1.0, 0.0), (0.94, 0.0), (1.0, 0.0)]
DCs : [1.0, 0.94, 1.0]
IPSs : [(0.97, 0.0), (0.59, 0.0), (0.9, 0.0)]
SINGs : [(1.0, 0.0), (1.0, 0.0), (1.0, 0.0)]
IPCs : [(0.98, 0.0), (0.77, 0.0), (0.91, 0.0)]
patPCRs : [[1.0], [0.9433962264150944], [1.0]]
patDCs : []
patIPSs : [[0.967741935483871], [0.59375], [0.8990825688073394]]
patSINGs : [[1.0], [1.0], [1.0]]
patIPCs : [[0.9811320754716981], [0.7727272727272727], [0.9056603773584906]]
Optional results : []
