baseAlgorithms : ['Kmeans', 'Spectral']
repeatBPgen : 1
maxClustSize : 117
Coverage : 70
patType : pat
V : 156
clustPatDF.shape : (35, 156)
Kmin : 2
Kmax : 15
minAppar : 0
maxAppar : 2
Discriminativeness : 30
nbMaxMoreThan1 : 20
nbMaxLessThan1 : 20
nbMaxDiffThan1 : 40
idObj : 9

--- RESULTS ---

times : [0.0, 0.0, 1.7, 0.36, 28.13]
allClust : [[1, 3, 4, 6, 8, 12, 15, 19, 21, 22, 23, 26, 30, 32, 33, 36, 39, 41, 45, 46, 49, 51, 53, 54, 55, 58, 59, 61, 62, 64, 65, 66, 70, 74, 78, 79, 81, 84, 85, 86, 87, 89, 90, 91, 92, 93, 94, 96, 98, 100, 104, 111, 112, 114, 116], [0, 2, 5, 7, 9, 10, 11, 13, 14, 16, 17, 18, 20, 24, 25, 27, 28, 31, 34, 35, 37, 38, 40, 42, 43, 44, 47, 50, 52, 56, 57, 60, 63, 67, 68, 69, 71, 72, 73, 75, 80, 82, 83, 88, 95, 97, 99, 101, 102, 103, 105, 106, 107, 108, 109, 110, 113, 115], [77]]
allClustLen : [55, 58, 1]
descrNames : [[['HasImport', 'NbTokens>75.0', 'NbLines>10.0', 'NbVars>2.0', 'NbParams>1.0', 'HasIf', 'InstDepth<=3.0']], [['HasIf', 'NbParams>1.0', 'InstDepth<=3.0', 'NbLines<=10.0']], [['NbReturns<=1.0', 'NbTokens>75.0', 'userdId_53', 'NbLines>10.0', 'NbVars>2.0', 'NbParams>1.0', 'HasIf', 'InstDepth<=3.0']]]
descrPatIds : [[3, 4], [5], [22]]
descrTagsIds : [['[38, 40, 16, 18, 20, 24, 28]', '[38, 40, 16, 20, 24, 25, 26, 27, 28]'], ['[24, 20, 28, 15]'], ['[34, 40, 10, 16, 18, 20, 24, 28]']]
nbNotAttrib : 3
nbMultiAttrib : 0
nbOfClusterForEachInstance : [1 1 1 1 1 1 1 1 1 1 1 1 1 1 1 1 1 1 1 1 1 1 1 1 1 1 1 1 1 0 1 1 1 1 1 1 1
 1 1 1 1 1 1 1 1 1 1 1 0 1 1 1 1 1 1 1 1 1 1 1 1 1 1 1 1 1 1 1 1 1 1 1 1 1
 1 1 0 1 1 1 1 1 1 1 1 1 1 1 1 1 1 1 1 1 1 1 1 1 1 1 1 1 1 1 1 1 1 1 1 1 1
 1 1 1 1 1 1]
---- : ----
PCRs : [(0.75, 0.04), (0.74, 0.0), (1.0, 0.0)]
DCs : [0.91, 0.74, 1.0]
IPSs : [(1.0, 0.0), (0.86, 0.0), (0.98, 0.0)]
SINGs : [(0.5, 0.0), (0.5, 0.0), (1.0, 0.0)]
IPCs : [(1.0, 0.0), (0.95, 0.0), (0.98, 0.0)]
patPCRs : [[0.7090909090909091, 0.7818181818181819], [0.7413793103448276], [1.0]]
patDCs : []
patIPSs : [[1.0, 1.0], [0.864406779661017], [0.9827586206896551]]
patSINGs : [[0.5, 0.5], [0.5], [1.0]]
patIPCs : [[1.0, 1.0], [0.9545454545454546], [0.9827586206896552]]
Optional results : []
