baseAlgorithms : ['Kmeans', 'Spectral']
repeatBPgen : 1
maxClustSize : 117
Coverage : 30
patType : pat
V : 204
clustPatDF.shape : (51, 204)
Kmin : 2
Kmax : 15
minAppar : 0
maxAppar : 2
Discriminativeness : 10
nbMaxMoreThan1 : 20
nbMaxLessThan1 : 20
nbMaxDiffThan1 : 40
idObj : 9

--- RESULTS ---

times : [1.53, 0.0, 3.04, 0.71, 54.26]
allClust : [[1, 3, 4, 8, 12, 15, 19, 21, 23, 30, 32, 33, 36, 41, 46, 49, 51, 54, 58, 59, 64, 65, 66, 74, 78, 79, 81, 84, 85, 86, 87, 89, 91, 92, 93, 94, 104, 111, 112, 116], [0, 2, 5, 6, 7, 9, 10, 11, 13, 14, 16, 17, 18, 20, 22, 24, 25, 26, 27, 28, 29, 31, 34, 35, 37, 38, 39, 40, 42, 43, 44, 47, 48, 50, 52, 53, 56, 57, 60, 61, 63, 67, 68, 69, 70, 71, 72, 73, 75, 76, 77, 80, 82, 83, 88, 90, 95, 96, 97, 98, 99, 100, 101, 102, 103, 105, 106, 107, 108, 109, 110, 113, 115]]
allClustLen : [40, 73]
descrNames : [[['NbReturns<=1.0', 'HasImport', 'NbTokens>75.0', 'NbLines>10.0', 'NbParams>1.0', 'HasIfElifElse', 'InstDepth<=3.0']], [['NbReturns<=1.0', 'NbLines<=10.0', 'NbVars<=2.0', 'NbParams>1.0', 'HasIf', 'InstDepth<=3.0']]]
descrPatIds : [[10, 19, 20], [30, 12, 39]]
descrTagsIds : [['[34, 38, 40, 16, 20, 24, 25, 26, 27, 28]', '[34, 38, 40, 17, 20, 24, 25, 26, 27, 28]', '[35, 4, 38, 40, 16, 18, 20, 24, 25, 26, 27, 28]'], ['[34, 15, 17, 20, 24, 28]', '[40, 15, 18, 20, 24, 28]', '[34, 40, 18, 20, 24, 25, 28]']]
nbNotAttrib : 4
nbMultiAttrib : 0
nbOfClusterForEachInstance : [1 1 1 1 1 1 1 1 1 1 1 1 1 1 1 1 1 1 1 1 1 1 1 1 1 1 1 1 1 1 1 1 1 1 1 1 1
 1 1 1 1 1 1 1 1 0 1 1 1 1 1 1 1 1 1 0 1 1 1 1 1 1 0 1 1 1 1 1 1 1 1 1 1 1
 1 1 1 1 1 1 1 1 1 1 1 1 1 1 1 1 1 1 1 1 1 1 1 1 1 1 1 1 1 1 1 1 1 1 1 1 1
 1 1 1 0 1 1]
---- : ----
PCRs : [(0.36, 0.03), (0.31, 0.01)]
DCs : [0.8, 0.85]
IPSs : [(0.97, 0.04), (0.95, 0.04)]
SINGs : [(1.0, 0.0), (1.0, 0.0)]
IPCs : [(0.96, 0.04), (0.95, 0.04)]
patPCRs : [[0.325, 0.35, 0.4], [0.3150684931506849, 0.3150684931506849, 0.3013698630136986]]
patDCs : []
patIPSs : [[0.9090909090909091, 0.987012987012987, 1.0], [0.9090909090909091, 1.0, 0.9545454545454546]]
patSINGs : [[1.0, 1.0, 1.0], [1.0, 1.0, 1.0]]
patIPCs : [[0.904109589041096, 0.9863013698630136, 1.0], [0.9, 1.0, 0.95]]
Optional results : []
