baseAlgorithms : ['Kmeans']
repeatBPgen : 1
maxClustSize : 146
Coverage : 70
patType : pat
V : 71
clustPatDF.shape : (16, 71)
Kmin : 3
Kmax : 15
minAppar : 0
maxAppar : 2
Discriminativeness : 50
nbMaxMoreThan1 : 20
nbMaxLessThan1 : 20
nbMaxDiffThan1 : 40
idObj : 9

--- RESULTS ---

times : [0.0, 0.0, 0.68, 0.08, 7.91]
allClust : [[0, 2, 4, 5, 6, 7, 8, 11, 12, 13, 14, 15, 16, 19, 20, 21, 23, 24, 25, 27, 28, 29, 30, 31, 32, 33, 35, 36, 37, 38, 40, 41, 42, 43, 45, 46, 47, 49, 50, 51, 52, 53, 54, 55, 56, 57, 62, 63, 64, 66, 67, 68, 69, 70, 71, 72, 74, 75, 76, 77, 81, 82, 83, 85, 87, 88, 89, 90, 91, 92, 93, 94, 95, 96, 98, 99, 102, 103, 105, 106, 107, 109, 110, 111, 113, 115, 116, 118, 120, 123, 124, 125, 127, 128, 129, 130, 131, 132, 133, 134, 135, 136, 137, 138, 139, 140, 141, 142, 143, 145], [26, 48, 78], [1, 9, 10, 17, 18, 22, 39, 59, 61, 65, 73, 79, 80, 84, 100, 101, 104, 108, 112, 114, 117, 119, 121, 122, 126], [3, 34, 44]]
allClustLen : [110, 3, 25, 3]
descrNames : [[['NbParams<=1.0', 'HasWhileLoop', 'InstDepth<=3.0', 'HasIfInLoop', 'NbReturns<=1.0', 'NbTokens<=75.0', 'NbLines<=10.0']], [['NbParams<=1.0', 'userdId_48', 'HasForLoop', 'InstDepth>3.0', 'HasIfInLoop', 'NbReturns<=1.0', 'NbTokens<=75.0', 'NbLines<=10.0', 'NbVars<=2.0']], [['NbParams<=1.0', 'HasLoop', 'HasWhileLoop', 'userdId_20', 'InstDepth<=3.0', 'NbReturns<=1.0', 'NbTokens<=75.0', 'NbLines<=10.0']], [['NbParams<=1.0', 'userdId_48', 'HasForLoop', 'InstDepth<=3.0', 'HasIfInLoop', 'NbReturns<=1.0', 'NbTokens<=75.0', 'NbLines<=10.0', 'NbVars<=2.0']]]
descrPatIds : [[0], [7], [5], [15]]
descrTagsIds : [['[33, 35, 37, 38, 42, 46, 48, 53, 29]'], ['[33, 2, 35, 36, 38, 43, 46, 48, 53, 29, 31]'], ['[33, 35, 37, 9, 42, 48, 53, 29]'], ['[33, 2, 35, 36, 38, 42, 46, 48, 53, 29, 31]']]
nbNotAttrib : 5
nbMultiAttrib : 0
nbOfClusterForEachInstance : [1 1 1 1 1 1 1 1 1 1 1 1 1 1 1 1 1 1 1 1 1 1 1 1 1 1 1 1 1 1 1 1 1 1 1 1 1
 1 1 1 1 1 1 1 1 1 1 1 1 1 1 1 1 1 1 1 1 1 0 1 0 1 1 1 1 1 1 1 1 1 1 1 1 1
 1 1 1 1 1 1 1 1 1 1 1 1 0 1 1 1 1 1 1 1 1 1 1 0 1 1 1 1 1 1 1 1 1 1 1 1 1
 1 1 1 1 1 1 1 1 1 1 1 1 1 1 1 1 1 1 1 1 1 1 1 1 1 1 1 1 1 1 1 1 1 0 1]
---- : ----
PCRs : [(0.78, 0.0), (1.0, 0.0), (0.76, 0.0), (1.0, 0.0)]
DCs : [0.78, 1.0, 0.76, 1.0]
IPSs : [(0.58, 0.0), (1.0, 0.0), (0.96, 0.0), (0.98, 0.0)]
SINGs : [(1.0, 0.0), (1.0, 0.0), (1.0, 0.0), (1.0, 0.0)]
IPCs : [(0.84, 0.0), (1.0, 0.0), (0.98, 0.0), (0.98, 0.0)]
patPCRs : [[0.7818181818181819], [1.0], [0.76], [1.0]]
patDCs : []
patIPSs : [[0.5833333333333333], [1.0], [0.9586776859504132], [0.9790209790209791]]
patSINGs : [[1.0], [1.0], [1.0], [1.0]]
patIPCs : [[0.84], [1.0], [0.9848484848484849], [0.9806060606060606]]
Optional results : []
