baseAlgorithms : ['Kmeans']
repeatBPgen : 1
maxClustSize : 146
Coverage : 30
patType : tag
V : 104
clustPatDF.shape : (25, 104)
Kmin : 3
Kmax : 15
minAppar : 0
maxAppar : 2
Discriminativeness : 10
nbMaxMoreThan1 : 20
nbMaxLessThan1 : 20
nbMaxDiffThan1 : 40
idObj : 9

--- RESULTS ---

times : [0.0, 0.0, 0.02, 0.14, 120.62]
allClust : [[3, 26, 34, 44, 48, 78], [0, 8, 41, 46, 93, 138], [4, 6, 7, 11, 13, 14, 15, 23, 28, 29, 32, 33, 35, 36, 42, 49, 50, 52, 53, 55, 63, 64, 66, 67, 70, 72, 74, 75, 82, 85, 88, 89, 94, 102, 103, 107, 110, 111, 113, 115, 116, 118, 120, 123, 127, 131, 133, 134, 136, 139, 142], [22, 39, 117, 126], [1, 10, 17, 18, 59, 61, 65, 73, 79, 80, 84, 100, 101, 104, 108, 114, 119], [0, 5, 19, 20, 24, 27, 31, 51, 69, 76, 77, 83, 91, 92, 95, 96, 98, 109, 121, 130, 145], [2, 12, 25, 30, 37, 38, 43, 47, 56, 57, 62, 68, 71, 81, 125, 128, 132, 135, 137, 141, 143], [21, 40, 45, 54, 86, 99, 105, 106, 129, 140]]
allClustLen : [6, 6, 51, 4, 17, 21, 21, 10]
descrNames : [[['userdId_48']], [['userdId_9']], [['PassedTestCases']], [['userdId_24']], [['userdId_20']], [['userdId_12']], [['userdId_28']], [['userdId_1']]]
descrPatIds : [[13], [21], [12], [22], [11], [17], [20], [19]]
descrTagsIds : [['[2]'], ['[8]'], ['[55]'], ['[13]'], ['[9]'], ['[7]'], ['[3]'], ['[24]']]
nbNotAttrib : 11
nbMultiAttrib : 1
nbOfClusterForEachInstance : [2 1 1 1 1 1 1 1 1 0 1 1 1 1 1 1 0 1 1 1 1 1 1 1 1 1 1 1 1 1 1 1 1 1 1 1 1
 1 1 1 1 1 1 1 1 1 1 1 1 1 1 1 1 1 1 1 1 1 0 1 0 1 1 1 1 1 1 1 1 1 1 1 1 1
 1 1 1 1 1 1 1 1 1 1 1 1 1 0 1 1 0 1 1 1 1 1 1 0 1 1 1 1 1 1 1 1 1 1 1 1 1
 1 0 1 1 1 1 1 1 1 1 1 0 1 0 1 1 1 1 1 1 1 1 1 1 1 1 1 1 1 1 1 1 1 0 1]
---- : ----
PCRs : [(1.0, 0.0), (0.83, 0.0), (0.45, 0.0), (1.0, 0.0), (0.94, 0.0), (0.33, 0.0), (0.71, 0.0), (0.4, 0.0)]
DCs : [1.0, 0.83, 0.45, 1.0, 0.94, 0.33, 0.71, 0.4]
IPSs : [(0.98, 0.0), (0.98, 0.0), (0.96, 0.0), (1.0, 0.0), (0.94, 0.0), (0.93, 0.0), (1.0, 0.0), (0.99, 0.0)]
SINGs : [(1.0, 0.0), (1.0, 0.0), (1.0, 0.0), (1.0, 0.0), (1.0, 0.0), (1.0, 0.0), (1.0, 0.0), (1.0, 0.0)]
IPCs : [(0.99, 0.0), (0.98, 0.0), (0.97, 0.0), (1.0, 0.0), (0.98, 0.0), (0.99, 0.0), (1.0, 0.0), (0.99, 0.0)]
patPCRs : [[1.0], [0.8333333333333334], [0.45098039215686275], [1.0], [0.9411764705882353], [0.3333333333333333], [0.7142857142857143], [0.4]]
patDCs : []
patIPSs : [[0.9785714285714285], [0.9785714285714285], [0.9578947368421052], [1.0], [0.937984496124031], [0.928], [1.0], [0.9852941176470589]]
patSINGs : [[1.0], [1.0], [1.0], [1.0], [1.0], [1.0], [1.0], [1.0]]
patIPCs : [[0.9915966386554622], [0.9835934373749501], [0.9721088435374151], [1.0], [0.9819927971188476], [0.9859943977591037], [1.0], [0.9943977591036415]]
Optional results : []
