baseAlgorithms : ['Kmeans']
repeatBPgen : 1
maxClustSize : 146
Coverage : 50
patType : pat
V : 77
clustPatDF.shape : (23, 77)
Kmin : 2
Kmax : 15
minAppar : 0
maxAppar : 2
Discriminativeness : 10
nbMaxMoreThan1 : 20
nbMaxLessThan1 : 20
nbMaxDiffThan1 : 40
idObj : 9

--- RESULTS ---

times : [0.0, 0.0, 0.7, 0.12, 8.95]
allClust : [[0, 2, 4, 5, 6, 7, 8, 11, 12, 13, 14, 15, 16, 19, 20, 21, 23, 24, 25, 27, 28, 29, 30, 31, 32, 33, 35, 36, 37, 38, 40, 41, 42, 43, 45, 46, 47, 49, 50, 51, 52, 53, 54, 55, 56, 57, 62, 63, 64, 66, 67, 68, 69, 70, 71, 72, 74, 75, 76, 77, 81, 82, 83, 85, 87, 88, 89, 90, 91, 92, 93, 94, 95, 96, 98, 99, 102, 103, 105, 106, 107, 109, 110, 111, 113, 115, 116, 118, 120, 123, 124, 125, 127, 128, 129, 130, 131, 132, 133, 134, 135, 136, 137, 138, 139, 140, 141, 142, 143, 145], [1, 9, 10, 17, 18, 34, 59, 61, 65, 73, 79, 80, 84, 100, 101, 104, 108, 112, 114, 119, 121, 122], [26, 48, 78]]
allClustLen : [110, 22, 3]
descrNames : [[['NbParams<=1.0', 'HasWhileLoop', 'InstDepth<=3.0', 'HasIfInLoop', 'NbReturns<=1.0', 'NbTokens<=75.0', 'NbLines<=10.0', 'NbVars<=2.0']], [['NbParams<=1.0', 'HasLoop', 'HasWhileLoop', 'HasIf', 'userdId_20', 'InstDepth<=3.0', 'NbReturns<=1.0', 'NbTokens<=75.0', 'NbLines<=10.0']], [['NbParams<=1.0', 'userdId_48', 'HasForLoop', 'InstDepth>3.0', 'HasIfInLoop', 'NbReturns<=1.0', 'NbTokens<=75.0', 'NbLines<=10.0', 'NbVars<=2.0']]]
descrPatIds : [[0], [12], [11]]
descrTagsIds : [['[33, 35, 37, 38, 42, 46, 48, 53, 29, 31]'], ['[33, 35, 37, 38, 9, 42, 48, 53, 29]'], ['[33, 2, 35, 36, 38, 43, 46, 48, 53, 29, 31]']]
nbNotAttrib : 11
nbMultiAttrib : 0
nbOfClusterForEachInstance : [1 1 1 0 1 1 1 1 1 1 1 1 1 1 1 1 1 1 1 1 1 1 0 1 1 1 1 1 1 1 1 1 1 1 1 1 1
 1 1 0 1 1 1 1 0 1 1 1 1 1 1 1 1 1 1 1 1 1 0 1 0 1 1 1 1 1 1 1 1 1 1 1 1 1
 1 1 1 1 1 1 1 1 1 1 1 1 0 1 1 1 1 1 1 1 1 1 1 0 1 1 1 1 1 1 1 1 1 1 1 1 1
 1 1 1 1 1 1 0 1 1 1 1 1 1 1 1 0 1 1 1 1 1 1 1 1 1 1 1 1 1 1 1 1 1 0 1]
---- : ----
PCRs : [(0.55, 0.0), (0.59, 0.0), (1.0, 0.0)]
DCs : [0.55, 0.59, 1.0]
IPSs : [(0.83, 0.0), (0.96, 0.0), (1.0, 0.0)]
SINGs : [(1.0, 0.0), (1.0, 0.0), (1.0, 0.0)]
IPCs : [(1.0, 0.0), (0.98, 0.0), (1.0, 0.0)]
patPCRs : [[0.5454545454545454], [0.5909090909090909], [1.0]]
patDCs : []
patIPSs : [[0.8333333333333334], [0.9596774193548387], [1.0]]
patSINGs : [[1.0], [1.0], [1.0]]
patIPCs : [[1.0], [0.9772727272727273], [1.0]]
Optional results : []
