baseAlgorithms : ['Kmeans']
repeatBPgen : 1
maxClustSize : 146
Coverage : 70
patType : tag
V : 104
clustPatDF.shape : (21, 104)
Kmin : 2
Kmax : 15
minAppar : 0
maxAppar : 2
Discriminativeness : 50
nbMaxMoreThan1 : 20
nbMaxLessThan1 : 20
nbMaxDiffThan1 : 40
idObj : 9

--- RESULTS ---

times : [0.0, 0.0, 0.02, 0.12, 102.57]
allClust : [[0, 2, 4, 5, 6, 7, 8, 11, 12, 13, 14, 15, 16, 19, 20, 21, 23, 24, 25, 27, 28, 29, 30, 31, 32, 33, 35, 36, 37, 38, 40, 41, 42, 43, 45, 46, 47, 49, 50, 51, 52, 53, 54, 55, 56, 57, 62, 63, 64, 66, 67, 68, 69, 70, 71, 72, 74, 75, 76, 77, 81, 82, 83, 85, 87, 88, 89, 90, 91, 92, 93, 94, 95, 96, 98, 99, 102, 103, 105, 106, 107, 109, 110, 111, 113, 115, 116, 118, 120, 123, 124, 125, 127, 128, 129, 130, 131, 132, 133, 134, 135, 136, 137, 138, 139, 140, 141, 142, 143, 145], [1, 9, 10, 17, 18, 34, 59, 61, 65, 73, 79, 80, 84, 86, 100, 101, 104, 108, 112, 114, 119, 121, 122]]
allClustLen : [110, 23]
descrNames : [[['HasIfInLoop']], [['userdId_20']]]
descrPatIds : [[4], [12]]
descrTagsIds : [['[46]'], ['[9]']]
nbNotAttrib : 13
nbMultiAttrib : 0
nbOfClusterForEachInstance : [1 1 1 0 1 1 1 1 1 1 1 1 1 1 1 1 1 1 1 1 1 1 0 1 1 1 0 1 1 1 1 1 1 1 1 1 1
 1 1 0 1 1 1 1 0 1 1 1 0 1 1 1 1 1 1 1 1 1 0 1 0 1 1 1 1 1 1 1 1 1 1 1 1 1
 1 1 1 1 0 1 1 1 1 1 1 1 1 1 1 1 1 1 1 1 1 1 1 0 1 1 1 1 1 1 1 1 1 1 1 1 1
 1 1 1 1 1 1 0 1 1 1 1 1 1 1 1 0 1 1 1 1 1 1 1 1 1 1 1 1 1 1 1 1 1 0 1]
---- : ----
PCRs : [(0.91, 0.0), (0.83, 0.0)]
DCs : [0.91, 0.83]
IPSs : [(0.33, 0.0), (0.96, 0.0)]
SINGs : [(1.0, 0.0), (1.0, 0.0)]
IPCs : [(0.52, 0.0), (0.95, 0.0)]
patPCRs : [[0.9090909090909091], [0.8260869565217391]]
patDCs : []
patIPSs : [[0.33333333333333337], [0.959349593495935]]
patSINGs : [[1.0], [1.0]]
patIPCs : [[0.5217391304347826], [0.9545454545454546]]
Optional results : []
