baseAlgorithms : ['Kmeans']
repeatBPgen : 1
maxClustSize : 160
Coverage : 30
patType : tag
V : 104
clustPatDF.shape : (36, 104)
Kmin : 2
Kmax : 15
minAppar : 0
maxAppar : 2
Discriminativeness : 10
nbMaxMoreThan1 : 20
nbMaxLessThan1 : 20
nbMaxDiffThan1 : 40
idObj : 9

--- RESULTS ---

times : [0.0, 0.0, 0.03, 0.21, 105.69]
allClust : [[2, 3, 4, 5, 6, 9, 10, 11, 12, 13, 14, 15, 16, 17, 18, 19, 20, 22, 24, 28, 31, 34, 35, 36, 37, 38, 41, 42, 43, 44, 46, 47, 48, 50, 51, 53, 54, 57, 60, 61, 62, 63, 65, 66, 67, 68, 72, 73, 75, 76, 78, 79, 80, 81, 82, 84, 88, 89, 90, 91, 92, 96, 97, 98, 100, 102, 103, 106, 109, 110, 111, 113, 115, 116, 117, 120, 121, 122, 123, 124, 125, 127, 131, 133, 134, 135, 136, 137, 138, 139, 140, 141, 143, 145, 146, 147, 148, 149, 150, 153, 155, 156, 157, 158], [7, 27, 39, 40, 45, 58, 59, 64, 74, 83, 86, 87, 93, 101, 104, 108, 112, 126, 130, 142], [25, 26, 49, 114, 119, 144], [0, 33, 56, 69, 70, 85, 94, 99, 105, 107, 129, 132, 151, 154], [21, 29, 71, 77, 118, 128, 152, 159]]
allClustLen : [104, 20, 6, 14, 8]
descrNames : [[['HasIfElif']], [['userdId_13']], [['userdId_11']], [['userdId_38']], [['userdId_19']]]
descrPatIds : [[5, 6], [10], [28, 24], [25, 13], [12]]
descrTagsIds : [['[39]', '[40]'], ['[8]'], ['[18]', '[25]'], ['[1]', '[20]'], ['[15]']]
nbNotAttrib : 8
nbMultiAttrib : 0
nbOfClusterForEachInstance : [1 0 1 1 1 1 1 1 0 1 1 1 1 1 1 1 1 1 1 1 1 1 1 0 1 1 1 1 1 1 0 1 0 1 1 1 1
 1 1 1 1 1 1 1 1 1 1 1 1 1 1 1 0 1 1 0 1 1 1 1 1 1 1 1 1 1 1 1 1 1 1 1 1 1
 1 1 1 1 1 1 1 1 1 1 1 1 1 1 1 1 1 1 1 1 1 0 1 1 1 1 1 1 1 1 1 1 1 1 1 1 1
 1 1 1 1 1 1 1 1 1 1 1 1 1 1 1 1 1 1 1 1 1 1 1 1 1 1 1 1 1 1 1 1 1 1 1 1 1
 1 1 1 1 1 1 1 1 1 1 1 1]
---- : ----
PCRs : [(0.89, 0.03), (1.0, 0.0), (0.5, 0.0), (0.43, 0.0), (1.0, 0.0)]
DCs : [0.92, 1.0, 1.0, 0.86, 1.0]
IPSs : [(0.89, 0.0), (1.0, 0.0), (0.98, 0.02), (1.0, 0.0), (1.0, 0.0)]
SINGs : [(1.0, 0.0), (1.0, 0.0), (1.0, 0.0), (1.0, 0.0), (1.0, 0.0)]
IPCs : [(1.0, 0.0), (1.0, 0.0), (0.99, 0.01), (1.0, 0.0), (1.0, 0.0)]
patPCRs : [[0.9230769230769231, 0.8653846153846154], [1.0], [0.5, 0.5], [0.42857142857142855, 0.42857142857142855], [1.0]]
patDCs : []
patIPSs : [[0.8928571428571429, 0.8928571428571429], [1.0], [1.0, 0.9675324675324676], [1.0, 1.0], [1.0]]
patSINGs : [[1.0, 1.0], [1.0], [1.0, 1.0], [1.0, 1.0], [1.0]]
patIPCs : [[1.0, 1.0], [1.0], [1.0, 0.9879807692307692], [1.0, 1.0], [1.0]]
Optional results : []
