baseAlgorithms : ['Kmeans']
repeatBPgen : 1
maxClustSize : 160
Coverage : 50
patType : tag
V : 104
clustPatDF.shape : (32, 104)
Kmin : 3
Kmax : 15
minAppar : 0
maxAppar : 2
Discriminativeness : 10
nbMaxMoreThan1 : 20
nbMaxLessThan1 : 20
nbMaxDiffThan1 : 40
idObj : 9

--- RESULTS ---

times : [0.0, 0.0, 0.02, 0.19, 96.83]
allClust : [[2, 3, 4, 5, 6, 9, 10, 11, 12, 13, 14, 15, 16, 17, 18, 19, 20, 22, 24, 28, 31, 34, 35, 36, 37, 38, 41, 42, 43, 44, 46, 47, 48, 50, 51, 53, 54, 57, 60, 61, 62, 63, 65, 66, 67, 68, 72, 73, 75, 76, 78, 79, 80, 81, 82, 84, 88, 89, 90, 91, 92, 96, 97, 98, 100, 102, 103, 106, 109, 110, 111, 113, 115, 116, 117, 120, 121, 122, 123, 124, 125, 127, 131, 133, 134, 135, 136, 137, 138, 139, 140, 141, 143, 145, 146, 147, 148, 149, 150, 153, 155, 156, 157, 158], [21, 29, 33, 56, 69, 70, 71, 77, 118, 128, 129, 132, 151, 152, 159], [7, 27, 39, 40, 45, 58, 59, 64, 74, 83, 86, 87, 93, 101, 104, 108, 112, 126, 130, 142], [25, 26, 49]]
allClustLen : [104, 15, 20, 3]
descrNames : [[['HasIfElif']], [['userdId_19']], [['userdId_13']], [['userdId_11']]]
descrPatIds : [[5, 6], [11], [12], [27]]
descrTagsIds : [['[39]', '[40]'], ['[15]'], ['[8]'], ['[18]']]
nbNotAttrib : 18
nbMultiAttrib : 0
nbOfClusterForEachInstance : [0 0 1 1 1 1 1 1 0 1 1 1 1 1 1 1 1 1 1 1 1 1 1 0 1 1 1 1 1 1 0 1 0 1 1 1 1
 1 1 1 1 1 1 1 1 1 1 1 1 1 1 1 0 1 1 0 1 1 1 1 1 1 1 1 1 1 1 1 1 1 1 1 1 1
 1 1 1 1 1 1 1 1 1 1 1 0 1 1 1 1 1 1 1 1 0 0 1 1 1 0 1 1 1 1 1 0 1 0 1 1 1
 1 1 1 0 1 1 1 1 0 1 1 1 1 1 1 1 1 1 1 1 1 1 1 1 1 1 1 1 1 1 1 1 1 0 1 1 1
 1 1 1 1 1 1 0 1 1 1 1 1]
---- : ----
PCRs : [(0.89, 0.03), (0.53, 0.0), (1.0, 0.0), (1.0, 0.0)]
DCs : [0.92, 0.53, 1.0, 1.0]
IPSs : [(0.89, 0.0), (1.0, 0.0), (1.0, 0.0), (1.0, 0.0)]
SINGs : [(1.0, 0.0), (1.0, 0.0), (1.0, 0.0), (1.0, 0.0)]
IPCs : [(1.0, 0.0), (1.0, 0.0), (1.0, 0.0), (1.0, 0.0)]
patPCRs : [[0.9230769230769231, 0.8653846153846154], [0.5333333333333333], [1.0], [1.0]]
patDCs : []
patIPSs : [[0.8928571428571429, 0.8928571428571429], [1.0], [1.0], [1.0]]
patSINGs : [[1.0, 1.0], [1.0], [1.0], [1.0]]
patIPCs : [[1.0, 1.0], [1.0], [1.0], [1.0]]
Optional results : []
