baseAlgorithms : ['Kmeans']
repeatBPgen : 1
maxClustSize : 160
Coverage : 50
patType : pat
V : 92
clustPatDF.shape : (21, 92)
Kmin : 3
Kmax : 15
minAppar : 0
maxAppar : 2
Discriminativeness : 10
nbMaxMoreThan1 : 20
nbMaxLessThan1 : 20
nbMaxDiffThan1 : 40
idObj : 9

--- RESULTS ---

times : [0.0, 0.0, 0.68, 0.12, 11.67]
allClust : [[2, 3, 4, 5, 6, 9, 10, 11, 12, 13, 14, 15, 16, 17, 18, 19, 20, 22, 24, 28, 31, 34, 35, 36, 37, 38, 41, 42, 43, 44, 46, 47, 48, 50, 51, 53, 54, 57, 60, 61, 62, 63, 65, 66, 67, 68, 72, 73, 75, 76, 78, 79, 80, 81, 82, 84, 88, 89, 90, 91, 92, 96, 97, 98, 100, 102, 103, 106, 109, 110, 111, 113, 115, 116, 117, 120, 121, 122, 123, 124, 125, 127, 131, 133, 134, 135, 136, 137, 138, 139, 140, 141, 143, 145, 146, 147, 148, 149, 150, 153, 155, 156, 157, 158], [21, 29, 33, 56, 69, 70, 71, 77, 118, 128, 129, 132, 151, 152, 159], [7, 27, 39, 40, 45, 58, 59, 64, 74, 83, 86, 87, 93, 101, 104, 108, 112, 126, 130, 142], [25, 26, 49]]
allClustLen : [104, 15, 20, 3]
descrNames : [[['NbParams<=1.0', 'HasIfElifElse', 'InstDepth<=3.0', 'NbReturns<=1.0', 'NbTokens>75.0', 'NbLines>10.0', 'NbVars<=2.0']], [['NbParams<=1.0', 'HasIf', 'HasNestedIfs', 'userdId_19', 'NbReturns<=1.0', 'NbTokens>75.0', 'NbLines>10.0', 'NbVars<=2.0']], [['NbParams<=1.0', 'HasIf', 'userdId_13', 'InstDepth<=3.0', 'HasNestedIfs', 'NbReturns<=1.0', 'NbTokens>75.0', 'NbLines>10.0', 'NbVars<=2.0']], [['NbParams<=1.0', 'HasIf', 'InstDepth>3.0', 'NbReturns<=1.0', 'userdId_11', 'NbTokens>75.0', 'NbLines>10.0', 'NbVars<=2.0']]]
descrPatIds : [[0], [6], [7], [20]]
descrTagsIds : [['[32, 37, 38, 39, 40, 41, 47, 53, 29, 30]'], ['[32, 37, 44, 15, 47, 53, 29, 30]'], ['[32, 37, 8, 41, 44, 47, 53, 29, 30]'], ['[32, 37, 42, 47, 18, 53, 29, 30]']]
nbNotAttrib : 18
nbMultiAttrib : 0
nbOfClusterForEachInstance : [0 0 1 1 1 1 1 1 0 1 1 1 1 1 1 1 1 1 1 1 1 1 1 0 1 1 1 1 1 1 0 1 0 1 1 1 1
 1 1 1 1 1 1 1 1 1 1 1 1 1 1 1 0 1 1 0 1 1 1 1 1 1 1 1 1 1 1 1 1 1 1 1 1 1
 1 1 1 1 1 1 1 1 1 1 1 0 1 1 1 1 1 1 1 1 0 0 1 1 1 0 1 1 1 1 1 0 1 0 1 1 1
 1 1 1 0 1 1 1 1 0 1 1 1 1 1 1 1 1 1 1 1 1 1 1 1 1 1 1 1 1 1 1 1 1 0 1 1 1
 1 1 1 1 1 1 0 1 1 1 1 1]
---- : ----
PCRs : [(0.7, 0.0), (0.53, 0.0), (1.0, 0.0), (1.0, 0.0)]
DCs : [0.7, 0.53, 1.0, 1.0]
IPSs : [(0.95, 0.0), (1.0, 0.0), (1.0, 0.0), (1.0, 0.0)]
SINGs : [(1.0, 0.0), (1.0, 0.0), (1.0, 0.0), (1.0, 0.0)]
IPCs : [(1.0, 0.0), (1.0, 0.0), (1.0, 0.0), (1.0, 0.0)]
patPCRs : [[0.7019230769230769], [0.5333333333333333], [1.0], [1.0]]
patDCs : []
patIPSs : [[0.9464285714285714], [1.0], [1.0], [1.0]]
patSINGs : [[1.0], [1.0], [1.0], [1.0]]
patIPCs : [[1.0], [1.0], [1.0], [1.0]]
Optional results : []
