baseAlgorithms : ['Kmeans', 'Spectral']
repeatBPgen : 1
maxClustSize : 159
Coverage : 70
patType : tag
V : 54
clustPatDF.shape : (42, 54)
Kmin : 3
Kmax : 3
minAppar : 0
maxAppar : 2
Discriminativeness : 50
nbMaxMoreThan1 : 15
nbMaxLessThan1 : 15
nbMaxDiffThan1 : 30
idObj : 9

--- RESULTS ---

times : [0.0, 0.0, 0.04, 0.24, 58.53]
allClust : [[8, 9, 10, 11, 12, 13, 14, 15, 16, 17, 19, 20, 21, 22, 23, 24, 25, 26, 27, 28, 29, 31, 33, 34, 35, 36, 37, 38, 39, 40, 41, 49, 50, 51, 52, 53, 54, 55, 56, 57, 58, 59, 60, 61, 62, 63, 64, 65, 66, 67, 68, 69, 70, 84, 85, 86, 87, 88, 89, 97, 98, 99, 100, 101, 102, 103, 105, 106, 107, 109, 110, 111, 112, 113, 114, 115, 116, 117, 118, 119, 120, 121, 122, 123, 124, 125, 126, 127, 128, 132, 133, 134, 140, 141, 142, 143, 144, 145, 146, 147], [32, 44, 45, 46, 47, 48], [0, 1, 2, 3, 4, 5, 6, 7, 18, 30, 42, 43, 71, 72, 73, 74, 75, 76, 77, 78, 79, 80, 81, 82, 83, 90, 91, 92, 93, 94, 95, 96, 104, 108, 129, 130, 131, 135, 136, 137, 138, 139, 148, 149, 150, 151, 152, 153, 154, 155, 156, 157, 158]]
allClustLen : [100, 6, 53]
descrNames : [[['wheel-base<=96.9'], ['length<=172.4'], ['curb-weight<=2340.0'], ['engine-size<=110.0'], ['bore<=3.27'], ['horsepower<=88.0'], ['city-mpg>26.0'], ['highway-mpg>32.0'], ['fwd']], [['peak-rpm<=5200.0'], ['mercedes-benz']], [['mpfi']]]
descrPatIds : [[29, 30, 22, 32, 33, 34, 7, 8, 3], [27, 28], [18]]
descrTagsIds : [['[4]', '[6]', '[12]', '[14]', '[16]', '[22]', '[27]', '[29]', '[64]'], ['[24]', '[39]'], ['[87]']]
nbNotAttrib : 0
nbMultiAttrib : 0
nbOfClusterForEachInstance : [1 1 1 1 1 1 1 1 1 1 1 1 1 1 1 1 1 1 1 1 1 1 1 1 1 1 1 1 1 1 1 1 1 1 1 1 1
 1 1 1 1 1 1 1 1 1 1 1 1 1 1 1 1 1 1 1 1 1 1 1 1 1 1 1 1 1 1 1 1 1 1 1 1 1
 1 1 1 1 1 1 1 1 1 1 1 1 1 1 1 1 1 1 1 1 1 1 1 1 1 1 1 1 1 1 1 1 1 1 1 1 1
 1 1 1 1 1 1 1 1 1 1 1 1 1 1 1 1 1 1 1 1 1 1 1 1 1 1 1 1 1 1 1 1 1 1 1 1 1
 1 1 1 1 1 1 1 1 1 1 1]
---- : ----
PCRs : [(0.77, 0.05), (0.92, 0.08), (0.89, 0.0)]
DCs : [0.97, 1.0, 0.89]
IPSs : [(0.9, 0.08), (0.77, 0.23), (0.84, 0.0)]
SINGs : [(1.0, 0.0), (1.0, 0.0), (1.0, 0.0)]
IPCs : [(0.94, 0.05), (0.78, 0.22), (0.76, 0.0)]
patPCRs : [[0.72, 0.75, 0.78, 0.73, 0.71, 0.75, 0.81, 0.79, 0.88], [1.0, 0.8333333333333334], [0.8867924528301887]]
patDCs : []
patIPSs : [[0.8983050847457628, 0.9322033898305084, 0.9830508474576272, 0.9152542372881356, 0.8813559322033898, 0.9830508474576272, 0.8813559322033898, 0.8983050847457628, 0.711864406779661], [0.542483660130719, 1.0], [0.839622641509434]]
patSINGs : [[1.0, 1.0, 1.0, 1.0, 1.0, 1.0, 1.0, 1.0, 1.0], [1.0, 1.0], [1.0]]
patIPCs : [[0.8694968553459119, 0.9622641509433962, 0.9905660377358491, 0.9528301886792453, 0.9339622641509434, 0.9905660377358491, 0.9339622641509434, 0.9433962264150944, 0.839622641509434], [0.5568867924528302, 1.0], [0.7583333333333333]]
Optional results : [[7823.21, 30147.0, 16163.55], [1405.89, 3142.11, 3396.81]]
