baseAlgorithms : ['Kmeans', 'Spectral']
repeatBPgen : 1
maxClustSize : 159
Coverage : 70
patType : pat
V : 54
clustPatDF.shape : (1105, 54)
Kmin : 3
Kmax : 3
minAppar : 0
maxAppar : 2
Discriminativeness : 50
nbMaxMoreThan1 : 15
nbMaxLessThan1 : 15
nbMaxDiffThan1 : 30
idObj : 9

--- RESULTS ---

times : [0.49, 0.0, 0.92, 6.15, 184.48]
allClust : [[0, 18, 29, 30, 31, 40, 41, 42, 53, 70, 71, 72, 73, 77, 78, 91, 92, 102, 104, 106, 108, 125, 127, 128, 129, 130, 133, 134, 135, 136, 145, 146, 147, 148, 149], [8, 9, 10, 11, 12, 13, 14, 15, 16, 17, 19, 20, 21, 22, 23, 24, 25, 26, 27, 28, 33, 34, 35, 36, 37, 38, 39, 49, 50, 51, 52, 54, 55, 56, 57, 58, 59, 60, 61, 62, 63, 64, 65, 66, 67, 68, 69, 84, 85, 86, 87, 88, 89, 97, 98, 99, 100, 101, 103, 105, 107, 109, 110, 111, 112, 113, 114, 115, 116, 117, 118, 119, 120, 121, 122, 123, 124, 126, 132, 140, 141, 142, 143, 144], [1, 2, 3, 4, 5, 6, 7, 32, 43, 44, 45, 46, 47, 48, 74, 75, 76, 79, 80, 81, 82, 83, 90, 93, 94, 95, 96, 131, 137, 138, 139, 150, 151, 152, 153, 154, 155, 156, 157, 158]]
allClustLen : [35, 84, 40]
descrNames : [[['horsepower>88.0', 'gas', 'front', 'four'], ['stroke>3.27', 'front']], [['gas', 'fwd', 'front', 'ohc', 'four'], ['curb-weight<=2340.0', 'front'], ['compression-ratio>9.0', 'std', 'front', 'four']], [['curb-weight>2340.0', 'engine-size>110.0', 'horsepower>88.0', 'highway-mpg<=32.0', 'front'], ['length>172.4', 'curb-weight>2340.0', 'horsepower>88.0', 'highway-mpg<=32.0', 'front'], ['wheel-base>96.9', 'length>172.4', 'curb-weight>2340.0', 'engine-size>110.0', 'horsepower>88.0', 'front']]]
descrPatIds : [[152, 171], [130, 140, 23], [30, 33, 40]]
descrTagsIds : [['[23, 53, 66, 77]', '[19, 66]'], ['[53, 64, 66, 71, 77]', '[12, 66]', '[21, 54, 66, 77]'], ['[13, 15, 23, 28, 66]', '[7, 13, 23, 28, 66]', '[5, 7, 13, 15, 23, 66]']]
nbNotAttrib : 0
nbMultiAttrib : 0
nbOfClusterForEachInstance : [1 1 1 1 1 1 1 1 1 1 1 1 1 1 1 1 1 1 1 1 1 1 1 1 1 1 1 1 1 1 1 1 1 1 1 1 1
 1 1 1 1 1 1 1 1 1 1 1 1 1 1 1 1 1 1 1 1 1 1 1 1 1 1 1 1 1 1 1 1 1 1 1 1 1
 1 1 1 1 1 1 1 1 1 1 1 1 1 1 1 1 1 1 1 1 1 1 1 1 1 1 1 1 1 1 1 1 1 1 1 1 1
 1 1 1 1 1 1 1 1 1 1 1 1 1 1 1 1 1 1 1 1 1 1 1 1 1 1 1 1 1 1 1 1 1 1 1 1 1
 1 1 1 1 1 1 1 1 1 1 1]
---- : ----
PCRs : [(0.71, 0.0), (0.81, 0.04), (0.88, 0.02)]
DCs : [1.0, 1.0, 1.0]
IPSs : [(0.63, 0.1), (0.78, 0.09), (0.83, 0.01)]
SINGs : [(1.0, 0.0), (1.0, 0.0), (1.0, 0.0)]
IPCs : [(0.61, 0.07), (0.77, 0.09), (0.75, 0.01)]
patPCRs : [[0.7142857142857143, 0.7142857142857143], [0.7619047619047619, 0.8571428571428571, 0.7976190476190477], [0.9, 0.875, 0.85]]
patDCs : []
patIPSs : [[0.7338709677419355, 0.5241935483870968], [0.7466666666666666, 0.9066666666666666, 0.6933333333333334], [0.8319327731092436, 0.8151260504201681, 0.8403361344537815]]
patSINGs : [[1.0, 1.0], [1.0, 1.0, 1.0], [1.0, 1.0, 1.0]]
patIPCs : [[0.6791666666666667, 0.530952380952381], [0.7321428571428571, 0.9, 0.6839285714285714], [0.7559523809523809, 0.7273809523809524, 0.7535714285714286]]
Optional results : [[11322.6, 7403.01, 20043.18], [1435.46, 1107.42, 4882.63]]
